0 0.3890625 0.315625 0.0328125 0.034375
0 0.390625 0.3515625 0.034375 0.0328125
0 0.3875 0.3859375 0.034375 0.03046875
0 0.3875 0.4171875 0.034375 0.0296875
0 0.38828125 0.45546875 0.034375 0.028125
0 0.39296875 0.4890625 0.0390625 0.03046875
0 0.390625 0.52578125 0.03671875 0.02734375
0 0.390625 0.5671875 0.03671875 0.028125
6 0.621875 0.31484375 0.0328125 0.03359375
6 0.625 0.346875 0.0328125 0.03203125
6 0.62890625 0.37890625 0.03359375 0.03125
6 0.63203125 0.4140625 0.03359375 0.0296875
6 0.640625 0.4484375 0.03515625 0.02890625
6 0.640625 0.484375 0.03671875 0.02890625
6 0.64296875 0.521875 0.0375 0.0296875
6 0.65 0.559375 0.03671875 0.028125
7 0.7046875 0.56171875 0.04609375 0.03203125
7 0.67421875 0.30859375 0.03984375 0.03984375
11 0.678125 0.34140625 0.04375 0.04140625
8 0.68203125 0.37578125 0.0390625 0.0375
8 0.6953125 0.48046875 0.0390625 0.03359375
11 0.7015625 0.51484375 0.04375 0.034375
10 0.68671875 0.40546875 0.03984375 0.03984375
9 0.690625 0.44140625 0.0421875 0.03828125
1 0.340625 0.31484375 0.03671875 0.0375
1 0.33515625 0.56640625 0.04296875 0.03203125
3 0.3421875 0.3484375 0.0390625 0.04140625
3 0.3359375 0.52578125 0.04453125 0.03359375
2 0.3328125 0.4890625 0.0390625 0.0328125
2 0.33515625 0.38125 0.03515625 0.03671875
5 0.33828125 0.415625 0.0375 0.03828125
4 0.33359375 0.44921875 0.0375 0.03828125
