6 0.515625 0.38515625 0.06328125 0.0578125
6 0.44140625 0.459375 0.0609375 0.0453125
6 0.25390625 0.47421875 0.06875 0.0515625
6 0.134375 0.4203125 0.0703125 0.05546875
6 0.32421875 0.334375 0.07109375 0.06328125
6 0.6828125 0.2953125 0.0703125 0.06015625
6 0.7625 0.29375 0.07109375 0.06015625
4 0.59921875 0.74140625 0.078125 0.06484375
9 0.49609375 0.2296875 0.07265625 0.09296875
0 0.18359375 0.71171875 0.0734375 0.05234375
0 0.390625 0.6921875 0.0734375 0.05234375
0 0.671875 0.6484375 0.0734375 0.05546875
0 0.77109375 0.634375 0.08046875 0.05625
0 0.875 0.62578125 0.0875 0.05625
0 0.540625 0.45 0.0640625 0.04921875
0 0.36328125 0.60546875 0.075 0.05
1 0.18515625 0.80625 0.08984375 0.06796875
1 0.903125 0.7 0.1046875 0.0609375
5 0.50234375 0.75390625 0.08046875 0.0671875
7 0.10234375 0.27421875 0.09453125 0.07734375
7 0.76171875 0.2171875 0.0875 0.078125
2 0.27421875 0.6234375 0.07265625 0.053125
2 0.4 0.77734375 0.065625 0.06328125
8 0.3171875 0.25625 0.07578125 0.08046875
10 0.40234375 0.24296875 0.0609375 0.0859375
11 0.50546875 0.31015625 0.075 0.075
