10 0.2703125 0.36171875 0.04296875 0.0421875
9 0.32265625 0.36171875 0.0375 0.0453125
6 0.1203125 0.4078125 0.03984375 0.03203125
6 0.17421875 0.4078125 0.03984375 0.03125
6 0.225 0.4046875 0.0390625 0.0328125
6 0.3765625 0.3984375 0.03359375 0.028125
6 0.42734375 0.3984375 0.0359375 0.03203125
6 0.475 0.4640625 0.0390625 0.0296875
6 0.33203125 0.47109375 0.0359375 0.03125
6 0.2734375 0.4734375 0.0375 0.02890625
0 0.32578125 0.50703125 0.03671875 0.0265625
0 0.37734375 0.53671875 0.0359375 0.028125
0 0.4328125 0.578125 0.0359375 0.0296875
0 0.4890625 0.57578125 0.03671875 0.02734375
0 0.27265625 0.54765625 0.0375 0.028125
0 0.1640625 0.590625 0.04453125 0.0296875
0 0.21796875 0.58828125 0.040625 0.02890625
0 0.10546875 0.59375 0.046875 0.02890625
7 0.42421875 0.42890625 0.03203125 0.03515625
7 0.1203125 0.36796875 0.0484375 0.0390625
11 0.37578125 0.428125 0.0390625 0.03671875
11 0.2140625 0.4375 0.0484375 0.03671875
8 0.32421875 0.434375 0.03515625 0.03671875
8 0.165625 0.515625 0.05 0.03203125
1 0.37734375 0.6265625 0.03984375 0.02890625
1 0.1015625 0.63359375 0.05390625 0.03125
3 0.321875 0.58203125 0.0390625 0.034375
3 0.2140625 0.5484375 0.0515625 0.0328125
5 0.26796875 0.62578125 0.04765625 0.0296875
4 0.4375 0.61953125 0.0359375 0.03046875
2 0.37734375 0.5046875 0.03515625 0.03046875
2 0.21640625 0.50625 0.04609375 0.03125
