6 0.31171875 0.15546875 0.075 0.071875
6 0.29609375 0.209375 0.0796875 0.06640625
6 0.35625 0.34609375 0.07578125 0.0625
6 0.225 0.4765625 0.084375 0.05703125
6 0.39140625 0.5609375 0.07578125 0.053125
6 0.3734375 0.6484375 0.075 0.05390625
4 0.87109375 0.19453125 0.0875 0.11796875
9 0.19140625 0.19140625 0.11640625 0.09921875
0 0.44375 0.33984375 0.07109375 0.0625
0 0.52578125 0.42578125 0.06640625 0.0578125
0 0.77421875 0.140625 0.06640625 0.07734375
0 0.75625 0.2171875 0.07265625 0.07265625
0 0.7484375 0.2875 0.07265625 0.0671875
0 0.728125 0.515625 0.075 0.0578125
0 0.70078125 0.68125 0.07578125 0.05859375
1 0.87734375 0.29140625 0.0890625 0.0828125
1 0.8546875 0.44296875 0.09375 0.075
5 0.7390625 0.434375 0.0875 0.08046875
7 0.18828125 0.26484375 0.10625 0.08046875
7 0.07734375 0.61796875 0.12265625 0.059375
2 0.55078125 0.275 0.07734375 0.0859375
2 0.60234375 0.58359375 0.07734375 0.05703125
8 0.12265625 0.46171875 0.11875 0.065625
10 0.1375 0.39375 0.125 0.07109375
11 0.303125 0.484375 0.096875 0.05859375
