0 0.1296875 0.4140625 0.04296875 0.0328125
0 0.184375 0.41640625 0.0390625 0.0296875
0 0.2296875 0.4578125 0.0390625 0.02890625
0 0.27578125 0.490625 0.0390625 0.03046875
0 0.3328125 0.45703125 0.03515625 0.03046875
0 0.3859375 0.425 0.0359375 0.03046875
0 0.4328125 0.42734375 0.03359375 0.03125
0 0.48515625 0.428125 0.03359375 0.03046875
6 0.10859375 0.52421875 0.04453125 0.0296875
6 0.26328125 0.52734375 0.03828125 0.0265625
6 0.32109375 0.5296875 0.03671875 0.0265625
6 0.365625 0.61015625 0.0390625 0.02890625
6 0.41484375 0.60859375 0.0390625 0.0296875
6 0.47109375 0.6125 0.03671875 0.028125
6 0.19609375 0.6046875 0.04296875 0.0296875
6 0.14140625 0.603125 0.04609375 0.02890625
4 0.184375 0.3734375 0.04921875 0.04296875
1 0.24296875 0.375 0.04375 0.040625
1 0.484375 0.390625 0.03203125 0.0375
5 0.3390625 0.38359375 0.03828125 0.040625
3 0.290625 0.4140625 0.0359375 0.0390625
3 0.38046875 0.45625 0.0375 0.0359375
2 0.22109375 0.4859375 0.0453125 0.03671875
2 0.37890625 0.4953125 0.0359375 0.0359375
8 0.42578125 0.490625 0.03359375 0.03515625
8 0.2609375 0.56328125 0.04609375 0.028125
7 0.14921875 0.5625 0.05 0.0328125
7 0.465625 0.6546875 0.0359375 0.0296875
11 0.3703125 0.56484375 0.04296875 0.03359375
11 0.19921875 0.56796875 0.05625 0.03046875
9 0.24375 0.64609375 0.0484375 0.02890625
10 0.3046875 0.6515625 0.04609375 0.0296875
