6 0.55234375 0.29140625 0.084375 0.06484375
6 0.65 0.2890625 0.07265625 0.0671875
6 0.85234375 0.2921875 0.08515625 0.0625
6 0.7625 0.2875 0.0796875 0.0609375
6 0.35390625 0.2859375 0.0828125 0.071875
6 0.4640625 0.43515625 0.06875 0.05390625
6 0.25546875 0.2890625 0.07734375 0.0625
6 0.153125 0.28671875 0.0828125 0.0625
4 0.54609375 0.759375 0.075 0.0796875
9 0.56640625 0.19140625 0.07265625 0.09765625
0 0.55703125 0.43671875 0.0703125 0.05625
0 0.45 0.51171875 0.0734375 0.05078125
0 0.23828125 0.665625 0.084375 0.05078125
0 0.34453125 0.66953125 0.06796875 0.05703125
0 0.64765625 0.665625 0.07734375 0.059375
0 0.75625 0.66796875 0.075 0.05703125
0 0.875 0.67421875 0.08984375 0.05859375
0 0.13046875 0.66484375 0.0796875 0.053125
1 0.11015625 0.75703125 0.10625 0.06796875
1 0.88125 0.7625 0.10703125 0.08125
5 0.44140625 0.7546875 0.07578125 0.07734375
7 0.13515625 0.19921875 0.1015625 0.08515625
7 0.87734375 0.20625 0.10234375 0.0828125
2 0.646875 0.76015625 0.0875 0.07734375
2 0.33515625 0.759375 0.08203125 0.07109375
8 0.3640625 0.20078125 0.075 0.08671875
8 0.65859375 0.2078125 0.078125 0.08203125
10 0.4609375 0.19453125 0.07265625 0.09296875
3 0.753125 0.76171875 0.09453125 0.08125
3 0.22734375 0.74921875 0.09609375 0.07421875
11 0.3515625 0.36171875 0.084375 0.07109375
11 0.77578125 0.2078125 0.08515625 0.08125
