0 0.1953125 0.39609375 0.03828125 0.03203125
0 0.19140625 0.434375 0.0390625 0.03125
0 0.18671875 0.46875 0.04140625 0.02890625
0 0.23359375 0.50546875 0.03984375 0.028125
0 0.28359375 0.54375 0.03828125 0.02734375
0 0.23359375 0.58203125 0.03984375 0.028125
0 0.16484375 0.62421875 0.04453125 0.02890625
0 0.1578125 0.66953125 0.04375 0.0296875
4 0.0984375 0.62578125 0.0578125 0.03046875
5 0.121875 0.50234375 0.05546875 0.0359375
1 0.13984375 0.3953125 0.05 0.03828125
1 0.1015625 0.57890625 0.05859375 0.03359375
3 0.16640625 0.5390625 0.0546875 0.03125
3 0.2328125 0.46484375 0.0453125 0.03828125
8 0.2859375 0.43203125 0.0421875 0.03671875
8 0.3828125 0.5421875 0.0359375 0.0296875
2 0.2921875 0.465625 0.0421875 0.0359375
2 0.27421875 0.58125 0.0453125 0.03046875
6 0.3359375 0.50625 0.034375 0.028125
6 0.33515625 0.5484375 0.03828125 0.028125
6 0.440625 0.4703125 0.03515625 0.02890625
6 0.43671875 0.4359375 0.034375 0.03125
6 0.44140625 0.4 0.03515625 0.03046875
6 0.4375 0.58515625 0.03671875 0.0265625
6 0.4359375 0.62578125 0.03828125 0.0296875
6 0.32578125 0.66328125 0.03984375 0.0296875
11 0.38984375 0.58125 0.03671875 0.03359375
11 0.3859375 0.46328125 0.03515625 0.0375
7 0.3828125 0.6203125 0.0390625 0.03046875
7 0.49140625 0.39765625 0.034375 0.03671875
10 0.49296875 0.5015625 0.03203125 0.03515625
9 0.48828125 0.54140625 0.034375 0.0328125
