6 0.2953125 0.56171875 0.0390625 0.028125
6 0.34609375 0.56015625 0.0375 0.02890625
6 0.3984375 0.559375 0.034375 0.02734375
6 0.45 0.5609375 0.034375 0.02734375
6 0.5015625 0.55625 0.03515625 0.02734375
6 0.5546875 0.55703125 0.0359375 0.028125
6 0.603125 0.5546875 0.0359375 0.02734375
6 0.6515625 0.55390625 0.0359375 0.02734375
7 0.28125 0.5984375 0.046875 0.0328125
7 0.66015625 0.5921875 0.04140625 0.03359375
11 0.60625 0.58984375 0.03671875 0.0359375
11 0.34453125 0.596875 0.04609375 0.034375
8 0.39765625 0.5984375 0.0359375 0.03125
8 0.55390625 0.5953125 0.03671875 0.02734375
9 0.45234375 0.596875 0.03671875 0.03203125
10 0.50546875 0.5953125 0.034375 0.03203125
1 0.30234375 0.35 0.0390625 0.03828125
1 0.634375 0.346875 0.03359375 0.0390625
3 0.3546875 0.35 0.03203125 0.03984375
3 0.5875 0.34921875 0.0375 0.04140625
2 0.4015625 0.34609375 0.03203125 0.03984375
2 0.540625 0.34453125 0.03125 0.03828125
4 0.4484375 0.3421875 0.03125 0.0453125
5 0.49453125 0.34609375 0.03125 0.04375
0 0.303125 0.3859375 0.034375 0.03125
0 0.35546875 0.3859375 0.03203125 0.03125
0 0.40078125 0.38671875 0.03203125 0.03125
0 0.4453125 0.3828125 0.03203125 0.03125
0 0.496875 0.3828125 0.0328125 0.03046875
0 0.540625 0.38203125 0.03125 0.03125
0 0.58828125 0.38359375 0.03203125 0.03046875
0 0.6390625 0.38125 0.03203125 0.03046875
