11 0.734375 0.22265625 0.0828125 0.0859375
8 0.38515625 0.2171875 0.065625 0.08984375
7 0.17734375 0.21640625 0.0890625 0.08046875
6 0.4765625 0.4234375 0.065625 0.05703125
6 0.55625 0.36484375 0.078125 0.06015625
6 0.56171875 0.42265625 0.07265625 0.06328125
6 0.74375 0.2953125 0.0703125 0.06015625
6 0.82421875 0.30078125 0.075 0.0609375
6 0.18359375 0.2921875 0.078125 0.06953125
6 0.27890625 0.29453125 0.075 0.0640625
6 0.37578125 0.29296875 0.06796875 0.06796875
4 0.5703125 0.73828125 0.078125 0.06328125
9 0.5640625 0.21171875 0.0640625 0.10703125
0 0.13984375 0.653125 0.08515625 0.05390625
0 0.24921875 0.65234375 0.08046875 0.05703125
0 0.3609375 0.65625 0.078125 0.05703125
0 0.67109375 0.6484375 0.07734375 0.0578125
0 0.78046875 0.6484375 0.08515625 0.05859375
0 0.89921875 0.65234375 0.0875 0.065625
0 0.4625 0.496875 0.0734375 0.053125
1 0.109375 0.74765625 0.1046875 0.0609375
1 0.9203125 0.73515625 0.115625 0.06015625
5 0.46171875 0.73828125 0.078125 0.06640625
7 0.8359375 0.2296875 0.0890625 0.07734375
2 0.2671875 0.41875 0.075 0.0796875
2 0.35 0.746875 0.0703125 0.05859375
8 0.259375 0.49375 0.08671875 0.065625
10 0.46796875 0.2125 0.06328125 0.09921875
3 0.3703125 0.56796875 0.07578125 0.06640625
3 0.671875 0.571875 0.0875 0.0609375
11 0.36796875 0.35390625 0.07265625 0.0796875
