0 0.3375 0.4171875 0.0359375 0.03125
0 0.37734375 0.440625 0.0359375 0.03203125
0 0.41328125 0.4671875 0.03515625 0.02890625
0 0.446875 0.48828125 0.0328125 0.02890625
0 0.4890625 0.51484375 0.0359375 0.0265625
0 0.52890625 0.534375 0.0359375 0.02890625
0 0.5671875 0.56015625 0.03515625 0.02890625
0 0.61015625 0.5875 0.0375 0.028125
1 0.30390625 0.44140625 0.040625 0.03515625
3 0.3421875 0.4640625 0.04453125 0.034375
2 0.37578125 0.4921875 0.03515625 0.03359375
5 0.415625 0.5140625 0.03515625 0.03515625
4 0.45078125 0.540625 0.03515625 0.034375
2 0.490625 0.56875 0.0359375 0.02890625
3 0.5359375 0.5875 0.0375 0.0328125
1 0.57734375 0.615625 0.0359375 0.03046875
7 0.52890625 0.26640625 0.03359375 0.040625
11 0.5640625 0.28671875 0.0375 0.0453125
8 0.60234375 0.30703125 0.034375 0.0421875
10 0.6375 0.32578125 0.03671875 0.04453125
9 0.6765625 0.3453125 0.03828125 0.04609375
8 0.715625 0.37109375 0.03984375 0.03828125
11 0.7578125 0.39296875 0.04765625 0.0375
7 0.803125 0.4203125 0.04765625 0.03671875
6 0.4984375 0.2953125 0.03203125 0.034375
6 0.53359375 0.31640625 0.0328125 0.0328125
6 0.56875 0.3359375 0.034375 0.03203125
6 0.60625 0.35859375 0.0328125 0.03046875
6 0.64765625 0.37734375 0.0328125 0.03125
6 0.68359375 0.4015625 0.03203125 0.03046875
6 0.7234375 0.42578125 0.03828125 0.03046875
6 0.7640625 0.4453125 0.03671875 0.0296875
