0 0.51640625 0.31484375 0.03203125 0.0328125
0 0.4890625 0.34453125 0.03046875 0.03203125
0 0.45703125 0.3703125 0.03203125 0.03203125
0 0.43125 0.39609375 0.03203125 0.03046875
0 0.40078125 0.4265625 0.03359375 0.02890625
0 0.37578125 0.45546875 0.03515625 0.0296875
0 0.34375 0.48359375 0.03515625 0.028125
0 0.30859375 0.51484375 0.0359375 0.028125
6 0.7125 0.4125 0.0328125 0.03046875
6 0.6875 0.440625 0.03671875 0.03046875
6 0.66328125 0.46953125 0.03515625 0.0296875
6 0.634375 0.49921875 0.0328125 0.02734375
6 0.61015625 0.53203125 0.0375 0.02734375
6 0.57890625 0.5609375 0.03515625 0.0265625
6 0.54765625 0.59296875 0.0375 0.02734375
6 0.52109375 0.62578125 0.03671875 0.028125
1 0.478125 0.29453125 0.03203125 0.040625
3 0.4515625 0.321875 0.03203125 0.0421875
2 0.41796875 0.3453125 0.03203125 0.0390625
5 0.3921875 0.37265625 0.03359375 0.040625
4 0.359375 0.396875 0.034375 0.04140625
2 0.328125 0.428125 0.0375 0.0359375
3 0.30078125 0.45859375 0.040625 0.03671875
1 0.2640625 0.490625 0.04375 0.03515625
7 0.7625 0.4296875 0.0453125 0.0359375
11 0.73671875 0.45859375 0.0484375 0.034375
8 0.709375 0.490625 0.04296875 0.03046875
10 0.68359375 0.5171875 0.04375 0.03359375
9 0.6546875 0.55 0.0390625 0.03203125
8 0.62421875 0.584375 0.0375 0.0296875
11 0.596875 0.6125 0.0359375 0.03125
7 0.559375 0.65390625 0.0375 0.0296875
