11 0.74296875 0.23515625 0.07578125 0.0875
8 0.35546875 0.23515625 0.078125 0.08984375
6 0.15078125 0.31796875 0.0828125 0.06484375
6 0.25078125 0.3203125 0.084375 0.0640625
6 0.34921875 0.315625 0.0796875 0.065625
6 0.44375 0.3125 0.07265625 0.06328125
6 0.54296875 0.3078125 0.0703125 0.0703125
6 0.63125 0.31171875 0.07265625 0.0671875
6 0.7359375 0.309375 0.078125 0.06640625
6 0.8265625 0.31015625 0.078125 0.0671875
4 0.5375 0.78203125 0.06875 0.06640625
9 0.54765625 0.22109375 0.07578125 0.1
0 0.54296875 0.53125 0.06875 0.053125
0 0.64609375 0.6859375 0.07578125 0.05703125
0 0.75546875 0.6859375 0.0796875 0.0609375
0 0.87890625 0.69140625 0.09375 0.05859375
0 0.44375 0.68671875 0.07265625 0.05703125
0 0.33125 0.690625 0.07578125 0.05625
0 0.225 0.6875 0.08046875 0.05234375
0 0.1140625 0.68515625 0.08984375 0.05234375
1 0.08671875 0.77890625 0.1109375 0.0703125
1 0.89609375 0.78125 0.11328125 0.07578125
5 0.43046875 0.77421875 0.0796875 0.07109375
7 0.1421875 0.2390625 0.09375 0.0828125
7 0.84140625 0.2296875 0.09140625 0.08203125
2 0.31953125 0.784375 0.0875 0.06328125
2 0.646875 0.78046875 0.08671875 0.06796875
8 0.6328125 0.2328125 0.07109375 0.08203125
10 0.446875 0.23046875 0.075 0.09453125
3 0.7578125 0.78359375 0.09453125 0.07890625
3 0.20703125 0.77421875 0.10390625 0.07421875
11 0.26640625 0.234375 0.07734375 0.08515625
