0 0.35078125 0.3078125 0.034375 0.034375
0 0.3515625 0.34453125 0.0359375 0.03359375
0 0.35234375 0.378125 0.0359375 0.03125
0 0.40078125 0.41171875 0.034375 0.02890625
0 0.453125 0.44765625 0.03515625 0.0296875
0 0.41015625 0.4859375 0.03671875 0.02890625
0 0.35234375 0.52578125 0.0390625 0.0265625
0 0.3515625 0.56796875 0.0375 0.02890625
6 0.590625 0.30234375 0.0328125 0.03359375
6 0.590625 0.33828125 0.034375 0.0328125
6 0.59765625 0.37265625 0.03359375 0.0328125
6 0.49921875 0.41015625 0.03203125 0.0296875
6 0.5015625 0.45078125 0.0359375 0.0296875
6 0.60546875 0.4828125 0.03671875 0.02734375
6 0.60859375 0.521875 0.03671875 0.02734375
6 0.50703125 0.559375 0.0359375 0.028125
1 0.29921875 0.3078125 0.04140625 0.0390625
1 0.28828125 0.484375 0.046875 0.034375
3 0.4 0.37265625 0.03515625 0.03984375
3 0.34453125 0.44453125 0.04453125 0.034375
5 0.2984375 0.4109375 0.04375 0.03828125
4 0.29375 0.52734375 0.040625 0.03125
8 0.44375 0.3390625 0.0328125 0.03828125
8 0.5484375 0.4421875 0.034375 0.0328125
2 0.45234375 0.48203125 0.03359375 0.03203125
2 0.45390625 0.37109375 0.0328125 0.03828125
7 0.64375 0.2984375 0.0375 0.03984375
7 0.5578125 0.51640625 0.0359375 0.03125
11 0.5578125 0.4796875 0.0359375 0.03515625
11 0.54375 0.36640625 0.03359375 0.03984375
10 0.65390625 0.4 0.0375 0.0390625
9 0.6515625 0.43828125 0.03671875 0.03671875
