1 0.35390625 0.21953125 0.0734375 0.0859375
6 0.12578125 0.64765625 0.08984375 0.059375
6 0.22265625 0.65 0.0875 0.05703125
6 0.4421875 0.5609375 0.06796875 0.053125
6 0.73359375 0.49140625 0.06875 0.05859375
6 0.83515625 0.4078125 0.0734375 0.06484375
6 0.64921875 0.63828125 0.07734375 0.059375
4 0.25 0.21171875 0.084375 0.10859375
9 0.20703125 0.7328125 0.10859375 0.05859375
0 0.43125 0.49140625 0.0734375 0.0578125
0 0.54609375 0.48515625 0.07265625 0.05234375
0 0.61953125 0.284375 0.06640625 0.06640625
0 0.8015625 0.28359375 0.07265625 0.06640625
0 0.34921875 0.29296875 0.07109375 0.065625
0 0.253125 0.2953125 0.0703125 0.065625
0 0.14921875 0.29140625 0.075 0.0640625
1 0.5296875 0.21875 0.065625 0.0796875
5 0.53125 0.2734375 0.06875 0.09765625
7 0.3265625 0.7296875 0.0890625 0.05703125
7 0.9046875 0.71953125 0.11875 0.0578125
2 0.22734375 0.49140625 0.09140625 0.0703125
2 0.72265625 0.34296875 0.08046875 0.08125
8 0.65078125 0.72265625 0.0875 0.05859375
10 0.53828125 0.6359375 0.07265625 0.06015625
11 0.64765625 0.55546875 0.07265625 0.071875
