0 0.28046875 0.559375 0.03828125 0.028125
0 0.33828125 0.55546875 0.03671875 0.02734375
0 0.38984375 0.55625 0.03671875 0.02890625
0 0.43828125 0.55390625 0.0359375 0.02734375
0 0.49453125 0.55234375 0.034375 0.028125
0 0.54296875 0.54609375 0.03515625 0.028125
0 0.5921875 0.546875 0.0359375 0.028125
0 0.64765625 0.5453125 0.03671875 0.02890625
1 0.2796875 0.59609375 0.04453125 0.03203125
1 0.65546875 0.58203125 0.04453125 0.03203125
7 0.28359375 0.34140625 0.03984375 0.040625
7 0.62734375 0.33203125 0.0359375 0.03984375
11 0.5703125 0.33203125 0.0375 0.04140625
11 0.334375 0.34140625 0.0359375 0.04375
8 0.3828125 0.33828125 0.03359375 0.04140625
8 0.52421875 0.33515625 0.03046875 0.040625
10 0.42734375 0.33671875 0.034375 0.04453125
9 0.47578125 0.33203125 0.0328125 0.04921875
6 0.2875 0.38046875 0.03671875 0.0328125
6 0.33515625 0.37890625 0.0375 0.03203125
6 0.38125 0.37734375 0.03671875 0.03203125
6 0.43125 0.37578125 0.03359375 0.03125
6 0.47890625 0.37109375 0.0328125 0.0328125
6 0.5265625 0.371875 0.034375 0.03125
6 0.5765625 0.37109375 0.034375 0.03359375
6 0.62265625 0.36796875 0.03515625 0.03125
3 0.334375 0.58984375 0.04609375 0.03203125
3 0.59765625 0.58046875 0.0375 0.03671875
2 0.3890625 0.596875 0.03671875 0.03046875
2 0.54609375 0.59140625 0.03515625 0.0296875
5 0.4421875 0.590625 0.0359375 0.03203125
4 0.49375 0.5921875 0.0359375 0.03203125
