6 0.7296875 0.33359375 0.0734375 0.071875
6 0.8203125 0.3328125 0.075 0.06328125
6 0.2296875 0.48828125 0.0796875 0.05703125
6 0.32421875 0.7328125 0.075 0.059375
4 0.7828125 0.8265625 0.1109375 0.08828125
9 0.72734375 0.2453125 0.07734375 0.09765625
0 0.5359375 0.40859375 0.065625 0.05625
0 0.65078125 0.72890625 0.078125 0.05859375
0 0.7609375 0.7265625 0.075 0.0609375
0 0.89140625 0.7296875 0.08671875 0.0609375
0 0.10234375 0.73515625 0.09765625 0.05703125
1 0.3328125 0.34296875 0.084375 0.07890625
1 0.65 0.83671875 0.08203125 0.08203125
7 0.11875 0.27109375 0.1015625 0.08515625
7 0.6265625 0.26328125 0.0890625 0.0890625
2 0.74921875 0.47890625 0.084375 0.06796875
11 0.528125 0.484375 0.0734375 0.06953125
