6 0.3265625 0.68671875 0.0734375 0.05703125
6 0.2390625 0.5328125 0.08515625 0.0578125
6 0.7125 0.31484375 0.0734375 0.0734375
6 0.79375 0.3140625 0.07265625 0.065625
4 0.7703125 0.77109375 0.10234375 0.0625
9 0.7078125 0.2328125 0.07109375 0.1015625
0 0.52265625 0.31875 0.0640625 0.0671875
0 0.6375 0.68125 0.078125 0.05625
0 0.746875 0.67890625 0.0796875 0.06015625
0 0.846875 0.5953125 0.0875 0.05390625
1 0.3375 0.3171875 0.08203125 0.08046875
1 0.540625 0.7796875 0.0734375 0.065625
7 0.5171875 0.25078125 0.07265625 0.0796875
7 0.10859375 0.69609375 0.1140625 0.06015625
2 0.7296875 0.4421875 0.07734375 0.07578125
11 0.51171875 0.44453125 0.0734375 0.0796875
