6 0.24375 0.240625 0.0796875 0.06953125
6 0.23828125 0.30078125 0.08203125 0.0625
6 0.75625 0.5890625 0.08203125 0.0625
6 0.5375 0.66640625 0.07578125 0.059375
4 0.85 0.2609375 0.09921875 0.103125
9 0.125 0.2890625 0.1234375 0.08671875
0 0.2296875 0.45 0.0921875 0.05390625
0 0.62265625 0.2125 0.0734375 0.07265625
0 0.73046875 0.2828125 0.07734375 0.06640625
0 0.73671875 0.35859375 0.078125 0.0640625
1 0.21328125 0.6 0.1015625 0.0515625
1 0.86953125 0.42421875 0.09765625 0.06796875
7 0.12109375 0.45 0.11328125 0.065625
7 0.78671875 0.7578125 0.09765625 0.07265625
2 0.42578125 0.28359375 0.08046875 0.08203125
11 0.64921875 0.51171875 0.09140625 0.06015625
