6 0.346875 0.29375 0.07109375 0.0640625
6 0.54296875 0.28984375 0.0703125 0.0625
6 0.72890625 0.35546875 0.07578125 0.06640625
6 0.75546875 0.65546875 0.0796875 0.05234375
6 0.76015625 0.72890625 0.0796875 0.06328125
4 0.1015625 0.65859375 0.128125 0.05859375
9 0.87734375 0.653125 0.1109375 0.05546875
0 0.2453125 0.3625 0.07265625 0.0609375
0 0.2578125 0.23125 0.07265625 0.065625
0 0.54140625 0.50703125 0.0703125 0.05
0 0.64453125 0.50625 0.0703125 0.05
2 0.54765625 0.659375 0.0703125 0.05234375
0 0.23671875 0.57734375 0.08203125 0.05234375
0 0.23203125 0.65859375 0.08046875 0.05234375
0 0.215625 0.75 0.0828125 0.053125
1 0.13515625 0.4265625 0.1 0.06953125
1 0.11171875 0.57265625 0.11328125 0.05703125
7 0.859375 0.5734375 0.10859375 0.0640625
7 0.82109375 0.2078125 0.09453125 0.0859375
8 0.74140625 0.42265625 0.08671875 0.0640625
11 0.64140625 0.3484375 0.08046875 0.06953125
