7 0.5140625 0.1609375 0.0734375 0.08828125
6 0.71640625 0.23125 0.07265625 0.06640625
6 0.81796875 0.228125 0.0796875 0.06640625
6 0.22265625 0.4671875 0.08671875 0.05703125
4 0.7390625 0.6953125 0.08671875 0.06328125
9 0.72265625 0.14609375 0.07734375 0.109375
0 0.52421875 0.23671875 0.07265625 0.0734375
0 0.840625 0.52734375 0.0875 0.053125
0 0.7390625 0.60703125 0.07265625 0.0515625
1 0.31484375 0.23515625 0.08984375 0.0859375
7 0.628125 0.6109375 0.0890625 0.06015625
2 0.3265625 0.70390625 0.09921875 0.0609375
11 0.5265625 0.69609375 0.0890625 0.05859375
