6 0.52734375 0.303125 0.06875 0.0578125
6 0.6171875 0.22421875 0.07578125 0.06484375
6 0.7140625 0.37890625 0.07578125 0.05703125
6 0.5203125 0.446875 0.0640625 0.053125
6 0.6109375 0.5203125 0.0734375 0.05234375
6 0.72421875 0.67890625 0.0828125 0.0625
6 0.72109375 0.74765625 0.0796875 0.06328125
4 0.0859375 0.678125 0.12265625 0.0609375
9 0.83828125 0.52890625 0.109375 0.0515625
0 0.22109375 0.3734375 0.08046875 0.05234375
0 0.33359375 0.36796875 0.075 0.05546875
0 0.23203125 0.22578125 0.07109375 0.065625
0 0.215625 0.59453125 0.08515625 0.05234375
0 0.21328125 0.67421875 0.08046875 0.0515625
0 0.2 0.7640625 0.0828125 0.05078125
0 0.51875 0.528125 0.0640625 0.04921875
1 0.1140625 0.2140625 0.09765625 0.078125
1 0.09609375 0.6 0.1046875 0.0515625
5 0.109375 0.440625 0.11640625 0.06328125
7 0.81953125 0.21953125 0.09453125 0.078125
7 0.83515625 0.7640625 0.10625 0.07734375
2 0.32578125 0.2953125 0.08203125 0.07734375
2 0.10234375 0.3625 0.1046875 0.06953125
8 0.8203125 0.38046875 0.1 0.06328125
10 0.8359375 0.4484375 0.10625 0.059375
11 0.72734375 0.521875 0.09765625 0.059375
