2 0.33203125 0.234375 0.07578125 0.08828125
6 0.53671875 0.23671875 0.06796875 0.07109375
6 0.61484375 0.15859375 0.0703125 0.0703125
6 0.73203125 0.29921875 0.0734375 0.071875
6 0.64921875 0.44921875 0.06640625 0.05390625
6 0.43671875 0.38203125 0.065625 0.05703125
6 0.78984375 0.6 0.08671875 0.05625
6 0.8 0.67421875 0.08515625 0.059375
4 0.12265625 0.6453125 0.11640625 0.0578125
9 0.9125 0.59296875 0.13515625 0.0515625
0 0.23203125 0.17890625 0.07578125 0.071875
0 0.34921875 0.30859375 0.07265625 0.0671875
0 0.23203125 0.321875 0.07734375 0.065625
0 0.25 0.54921875 0.08046875 0.05390625
0 0.55546875 0.46171875 0.07265625 0.0515625
0 0.25703125 0.63125 0.078125 0.05546875
0 0.2515625 0.7296875 0.07578125 0.06015625
1 0.10703125 0.39140625 0.10390625 0.07734375
1 0.115625 0.55078125 0.11171875 0.05859375
5 0.22890625 0.3859375 0.1 0.0796875
7 0.8078125 0.14453125 0.09765625 0.096875
7 0.88203125 0.515625 0.11796875 0.071875
2 0.46328125 0.534375 0.07265625 0.05546875
8 0.84296875 0.29375 0.1046875 0.07734375
10 0.86953125 0.35859375 0.109375 0.07734375
11 0.6453125 0.29375 0.09375 0.0828125
