0 0.78671875 0.22421875 0.06640625 0.07265625
6 0.56875 0.5375 0.0578125 0.07890625
6 0.50703125 0.63125 0.05390625 0.07578125
6 0.65625 0.7265625 0.06796875 0.0890625
6 0.79375 0.69609375 0.0734375 0.07734375
6 0.72734375 0.70625 0.06796875 0.0765625
6 0.43203125 0.753125 0.05859375 0.08671875
6 0.34375 0.7703125 0.05546875 0.0890625
6 0.2671875 0.775 0.05859375 0.0921875
4 0.4984375 0.0875 0.065625 0.128125
9 0.51171875 0.875 0.0671875 0.1234375
0 0.2296875 0.20859375 0.0609375 0.08515625
0 0.32890625 0.2203125 0.05859375 0.08984375
0 0.4140625 0.2203125 0.05703125 0.084375
0 0.64375 0.21640625 0.06484375 0.08046875
0 0.7171875 0.2234375 0.0703125 0.07734375
0 0.57734375 0.43125 0.0578125 0.07109375
0 0.4984375 0.53671875 0.05234375 0.07265625
1 0.79921875 0.10703125 0.084375 0.0984375
1 0.225 0.0828125 0.07265625 0.12265625
5 0.57734375 0.1 0.078125 0.11953125
7 0.25546875 0.9046875 0.06171875 0.12265625
7 0.8109375 0.81328125 0.0890625 0.09609375
2 0.41328125 0.08671875 0.05546875 0.11796875
8 0.65859375 0.8375 0.08046875 0.10546875
8 0.73359375 0.4203125 0.0859375 0.0671875
10 0.59296875 0.859375 0.07890625 0.1203125
3 0.41484375 0.3125 0.05390625 0.1015625
3 0.7296875 0.1125 0.08984375 0.11171875
2 0.65234375 0.09609375 0.07578125 0.10390625
11 0.6625 0.625 0.08203125 0.0875
11 0.34140625 0.8890625 0.0609375 0.1203125
