6 0.6265625 0.28671875 0.065625 0.0671875
6 0.7390625 0.4984375 0.06640625 0.05625
6 0.23515625 0.65546875 0.0875 0.0578125
6 0.13984375 0.65234375 0.08671875 0.0578125
4 0.25 0.20625 0.08515625 0.1046875
9 0.21640625 0.73671875 0.10625 0.05859375
0 0.15078125 0.28828125 0.078125 0.065625
0 0.25234375 0.29375 0.08046875 0.06953125
0 0.35390625 0.2921875 0.06640625 0.071875
0 0.44375 0.65703125 0.07734375 0.05859375
1 0.3546875 0.21171875 0.07734375 0.0828125
1 0.653125 0.64453125 0.08046875 0.0578125
7 0.8203125 0.26953125 0.08671875 0.07578125
7 0.4484375 0.73359375 0.07734375 0.059375
2 0.23515625 0.50234375 0.09453125 0.0625
11 0.4546875 0.496875 0.06875 0.0703125
