2 0.621875 0.1875 0.06875 0.08515625
1 0.8203125 0.18359375 0.08203125 0.0890625
1 0.14375 0.215625 0.09609375 0.0796875
6 0.52265625 0.48984375 0.06875 0.0515625
6 0.640625 0.63359375 0.075 0.0609375
6 0.7421875 0.62578125 0.07265625 0.05546875
6 0.85546875 0.62421875 0.07734375 0.05390625
6 0.4390625 0.55390625 0.06875 0.04765625
6 0.2296875 0.6453125 0.084375 0.0578125
6 0.1390625 0.63828125 0.09140625 0.0625
4 0.4390625 0.1921875 0.06875 0.10703125
9 0.428125 0.721875 0.0796875 0.0609375
0 0.14609375 0.28515625 0.08515625 0.06328125
0 0.24921875 0.2859375 0.07109375 0.06484375
0 0.34296875 0.28203125 0.07734375 0.06484375
0 0.621875 0.2671875 0.06328125 0.06640625
0 0.71875 0.2671875 0.0703125 0.0625
0 0.81328125 0.26328125 0.06875 0.0671875
0 0.53359375 0.415625 0.065625 0.05234375
5 0.52890625 0.19765625 0.06875 0.0953125
7 0.10703125 0.721875 0.12265625 0.0703125
7 0.884375 0.7171875 0.10390625 0.0734375
2 0.73515625 0.47734375 0.08203125 0.0625
8 0.73203125 0.40078125 0.08203125 0.07890625
8 0.63828125 0.71796875 0.07734375 0.06328125
10 0.540625 0.72265625 0.06796875 0.06484375
3 0.42734375 0.48671875 0.084375 0.0609375
3 0.6203125 0.3296875 0.07109375 0.08515625
11 0.640625 0.54765625 0.0703125 0.065625
11 0.22265625 0.73046875 0.10234375 0.0625
