6 0.71875 0.37109375 0.06875 0.05859375
6 0.7359375 0.52109375 0.07109375 0.05078125
6 0.6515625 0.66796875 0.07578125 0.05625
6 0.45 0.59296875 0.0734375 0.0515625
6 0.23671875 0.68828125 0.078125 0.05859375
6 0.13984375 0.68671875 0.08671875 0.053125
4 0.23671875 0.23515625 0.08203125 0.10625
9 0.2234375 0.76875 0.09921875 0.06640625
0 0.1390625 0.31796875 0.07734375 0.0640625
0 0.24453125 0.321875 0.08046875 0.0640625
0 0.34375 0.31875 0.07109375 0.0703125
0 0.61953125 0.3046875 0.06171875 0.0640625
0 0.80390625 0.30078125 0.07109375 0.065625
0 0.54609375 0.5171875 0.0703125 0.04921875
0 0.43359375 0.52265625 0.0640625 0.0484375
1 0.34453125 0.23828125 0.06640625 0.084375
1 0.52421875 0.23515625 0.07265625 0.0796875
5 0.53046875 0.296875 0.0640625 0.08515625
7 0.8984375 0.74609375 0.11640625 0.06953125
7 0.340625 0.76796875 0.08671875 0.06328125
2 0.2296875 0.53125 0.08671875 0.05625
8 0.665625 0.75390625 0.08046875 0.06328125
10 0.54375 0.67109375 0.07265625 0.05390625
11 0.65390625 0.590625 0.07265625 0.06328125
