8 0.36875 0.2625 0.0796875 0.0828125
6 0.7265625 0.315625 0.06875 0.06015625
6 0.81171875 0.31484375 0.0734375 0.0640625
6 0.26640625 0.45546875 0.0796875 0.05625
6 0.534375 0.39296875 0.0703125 0.059375
6 0.3625 0.33359375 0.07109375 0.065625
6 0.15546875 0.53515625 0.0875 0.05859375
4 0.76015625 0.7640625 0.08046875 0.06015625
9 0.71875 0.23515625 0.0640625 0.09921875
0 0.43984375 0.52734375 0.0703125 0.0484375
0 0.54375 0.4546875 0.06328125 0.0515625
0 0.6375 0.675 0.07109375 0.05234375
0 0.7484375 0.67421875 0.06796875 0.05703125
0 0.8671875 0.68046875 0.08203125 0.05625
0 0.3421875 0.678125 0.0734375 0.053125
0 0.1421875 0.67265625 0.09453125 0.04921875
1 0.428125 0.7609375 0.084375 0.05703125
1 0.63515625 0.77109375 0.078125 0.06328125
5 0.428125 0.6796875 0.084375 0.05703125
7 0.18046875 0.2703125 0.0875 0.07421875
7 0.63046875 0.25703125 0.0734375 0.08515625
2 0.63046875 0.521875 0.0703125 0.0609375
2 0.24296875 0.6 0.1015625 0.05
10 0.4484375 0.25234375 0.07578125 0.09296875
11 0.34765625 0.384375 0.0796875 0.07109375
