6 0.4875 0.428125 0.03359375 0.0296875
11 0.44296875 0.50390625 0.0375 0.03828125
6 0.48203125 0.3296875 0.03203125 0.03359375
6 0.38828125 0.3625 0.034375 0.0328125
6 0.3875 0.396875 0.034375 0.0296875
6 0.3875 0.50859375 0.0359375 0.0296875
6 0.4890625 0.46796875 0.03125 0.02890625
6 0.3921875 0.54296875 0.0359375 0.028125
6 0.3890625 0.584375 0.0375 0.02734375
0 0.62578125 0.32265625 0.03359375 0.034375
0 0.62734375 0.35859375 0.0375 0.03203125
0 0.575 0.3953125 0.034375 0.0296875
0 0.534375 0.43046875 0.03359375 0.03125
0 0.5890625 0.46640625 0.034375 0.0296875
0 0.640625 0.5015625 0.03515625 0.02890625
0 0.64375 0.5375 0.03828125 0.02734375
0 0.64921875 0.57890625 0.0375 0.028125
4 0.68203125 0.34921875 0.0359375 0.04453125
5 0.690625 0.459375 0.04296875 0.03828125
3 0.64140625 0.42890625 0.04296875 0.03515625
3 0.5921875 0.4984375 0.03515625 0.034375
2 0.53515625 0.503125 0.03359375 0.03359375
2 0.53515625 0.39375 0.0328125 0.03671875
1 0.7046875 0.57421875 0.04453125 0.03125
1 0.6921875 0.390625 0.04140625 0.0375
8 0.54765625 0.5375 0.034375 0.03125
7 0.43515625 0.36171875 0.0328125 0.0375
11 0.4328125 0.39296875 0.03359375 0.03984375
8 0.440625 0.43046875 0.0328125 0.03671875
9 0.33828125 0.43125 0.0375 0.0390625
10 0.33203125 0.46953125 0.03828125 0.0375
7 0.33125 0.5828125 0.04296875 0.03125
