0 0.525 0.48125 0.0703125 0.05390625
0 0.42890625 0.40078125 0.06640625 0.0578125
0 0.7421875 0.55546875 0.075 0.05625
0 0.740625 0.63828125 0.08046875 0.05859375
0 0.7453125 0.72265625 0.08046875 0.06015625
0 0.728125 0.33125 0.075 0.06484375
0 0.72421875 0.25625 0.0734375 0.0671875
0 0.72734375 0.17890625 0.06875 0.0734375
1 0.83046875 0.171875 0.08984375 0.0875
1 0.88203125 0.7328125 0.11171875 0.06796875
2 0.86953125 0.56171875 0.1 0.05390625
2 0.846875 0.3234375 0.09453125 0.078125
3 0.6375 0.321875 0.0890625 0.07578125
3 0.6421875 0.55234375 0.0890625 0.05625
4 0.85234375 0.3984375 0.10625 0.07265625
5 0.85390625 0.47734375 0.10625 0.0671875
6 0.4203125 0.47109375 0.065625 0.05078125
6 0.3359375 0.4078125 0.0734375 0.05859375
6 0.23203125 0.3359375 0.07734375 0.0625
6 0.23671875 0.26015625 0.08203125 0.0671875
6 0.24375 0.1984375 0.08203125 0.06640625
6 0.21796875 0.5546875 0.0828125 0.05625
8 0.52890625 0.63515625 0.07578125 0.0578125
6 0.215625 0.63203125 0.0828125 0.05390625
6 0.20859375 0.7140625 0.08984375 0.05703125
7 0.13828125 0.18359375 0.10859375 0.0828125
7 0.0796875 0.72265625 0.12265625 0.0609375
8 0.10234375 0.5484375 0.11796875 0.0625
9 0.1015625 0.390625 0.13046875 0.078125
10 0.09765625 0.4734375 0.1234375 0.0640625
11 0.13671875 0.24765625 0.1046875 0.08671875
11 0.31875 0.55078125 0.09609375 0.0625
