0 0.496875 0.43515625 0.034375 0.028125
0 0.44375 0.47265625 0.0359375 0.028125
0 0.54609375 0.46640625 0.03515625 0.02890625
0 0.5984375 0.51015625 0.03671875 0.028125
0 0.6546875 0.5109375 0.03828125 0.028125
0 0.34375 0.5078125 0.03515625 0.028125
0 0.39140625 0.50859375 0.0359375 0.02734375
0 0.28671875 0.50859375 0.03828125 0.02734375
1 0.2828125 0.54453125 0.04375 0.03125
1 0.54375 0.553125 0.03671875 0.03046875
3 0.49140625 0.50703125 0.03515625 0.034375
3 0.39140625 0.46953125 0.0421875 0.034375
2 0.39375 0.42890625 0.03671875 0.03203125
2 0.54609375 0.43515625 0.03515625 0.03203125
5 0.4421875 0.5453125 0.03671875 0.03125
4 0.60234375 0.54921875 0.03671875 0.03125
6 0.3015625 0.328125 0.03515625 0.0328125
6 0.353125 0.33046875 0.03671875 0.03203125
6 0.40078125 0.32890625 0.0328125 0.0328125
6 0.446875 0.4 0.0328125 0.02890625
6 0.50234375 0.4 0.0328125 0.03203125
6 0.55078125 0.32890625 0.03203125 0.03046875
6 0.6 0.32890625 0.034375 0.03125
6 0.646875 0.4 0.03515625 0.03046875
8 0.496875 0.36328125 0.03359375 0.0390625
8 0.34609375 0.43515625 0.03828125 0.03515625
11 0.3921875 0.36171875 0.0390625 0.03984375
11 0.55078125 0.359375 0.03828125 0.0390625
7 0.59609375 0.3609375 0.0359375 0.0390625
7 0.30390625 0.2890625 0.0390625 0.040625
10 0.4484375 0.28828125 0.03203125 0.0453125
9 0.49921875 0.2890625 0.03359375 0.04921875
