6 0.178125 0.65234375 0.08046875 0.06015625
6 0.29609375 0.64765625 0.08046875 0.059375
6 0.79296875 0.39453125 0.08046875 0.05859375
4 0.26796875 0.1578125 0.08046875 0.1109375
9 0.28359375 0.728125 0.07734375 0.07421875
0 0.2734375 0.25234375 0.08984375 0.07109375
0 0.165625 0.33125 0.09140625 0.0609375
0 0.49921875 0.6421875 0.08046875 0.0578125
1 0.7234375 0.63203125 0.1 0.06328125
7 0.51875 0.72265625 0.0875 0.0734375
2 0.6578125 0.15546875 0.08984375 0.08828125
11 0.57890625 0.315625 0.07734375 0.08203125
