6 0.646875 0.725 0.07578125 0.059375
6 0.75 0.7171875 0.078125 0.05703125
6 0.859375 0.7171875 0.0875 0.0625
6 0.52265625 0.57265625 0.0640625 0.05
6 0.4359375 0.64375 0.07109375 0.059375
6 0.2125 0.7421875 0.084375 0.065625
6 0.11796875 0.7390625 0.0890625 0.06015625
7 0.0890625 0.83203125 0.109375 0.08515625
7 0.8859375 0.8109375 0.1140625 0.084375
11 0.21484375 0.83671875 0.09375 0.0921875
11 0.64765625 0.64375 0.08671875 0.0703125
9 0.42890625 0.83046875 0.078125 0.0859375
10 0.5453125 0.825 0.075 0.08984375
8 0.64453125 0.8171875 0.08984375 0.08515625
8 0.621875 0.40859375 0.07265625 0.0734375
0 0.109375 0.34921875 0.09609375 0.06328125
0 0.225 0.3515625 0.08203125 0.0640625
0 0.32890625 0.3515625 0.07734375 0.0609375
0 0.61875 0.340625 0.08203125 0.0625
0 0.721875 0.34375 0.078125 0.0609375
0 0.821875 0.340625 0.0875 0.06640625
0 0.53125 0.49296875 0.07578125 0.05859375
1 0.82890625 0.25390625 0.096875 0.0828125
1 0.1046875 0.26796875 0.1015625 0.08203125
4 0.428125 0.259375 0.06796875 0.1078125
5 0.525 0.2625 0.06328125 0.09140625
2 0.62421875 0.25703125 0.06875 0.0828125
2 0.74609375 0.5625 0.0921875 0.05859375
3 0.4234375 0.5703125 0.0875 0.05703125
