6 0.54765625 0.50546875 0.0703125 0.053125
6 0.66796875 0.6609375 0.08046875 0.0703125
6 0.77265625 0.65390625 0.0796875 0.0578125
6 0.88203125 0.65625 0.09375 0.0640625
6 0.134375 0.65703125 0.09609375 0.05859375
6 0.23671875 0.65859375 0.08671875 0.0609375
6 0.3515625 0.65859375 0.07109375 0.05859375
6 0.4515625 0.66328125 0.075 0.06015625
4 0.4609375 0.1734375 0.065625 0.10859375
9 0.44140625 0.75625 0.08203125 0.07734375
0 0.13203125 0.26640625 0.09140625 0.071875
0 0.25 0.27109375 0.08046875 0.0703125
0 0.35546875 0.26875 0.07578125 0.0734375
0 0.553125 0.271875 0.07265625 0.065625
0 0.65625 0.26484375 0.07109375 0.0671875
0 0.76171875 0.27109375 0.08046875 0.06484375
0 0.865625 0.27265625 0.078125 0.0671875
0 0.44921875 0.5015625 0.07265625 0.05390625
1 0.1328125 0.18125 0.1 0.08671875
1 0.88203125 0.18125 0.1046875 0.0890625
5 0.56171875 0.18203125 0.07734375 0.09609375
7 0.10625 0.74921875 0.11640625 0.07734375
7 0.9046875 0.7484375 0.12578125 0.07890625
2 0.3609375 0.17890625 0.07734375 0.0921875
2 0.66328125 0.178125 0.0734375 0.0921875
8 0.3421875 0.746875 0.08671875 0.0703125
8 0.6609375 0.74921875 0.0921875 0.07265625
10 0.55703125 0.75390625 0.078125 0.08203125
3 0.259375 0.18125 0.08515625 0.09375
3 0.77265625 0.1890625 0.09375 0.0890625
11 0.21796875 0.74765625 0.096875 0.07421875
11 0.7609375 0.7515625 0.09375 0.08046875
