6 0.71796875 0.3171875 0.0703125 0.06484375
6 0.80703125 0.315625 0.07578125 0.06484375
6 0.21796875 0.48515625 0.084375 0.05625
6 0.31796875 0.34140625 0.07578125 0.06484375
6 0.32109375 0.725 0.07734375 0.06328125
4 0.7765625 0.8125 0.10390625 0.08125
9 0.7109375 0.23046875 0.07734375 0.1046875
0 0.52265625 0.40078125 0.0703125 0.059375
0 0.64375 0.71796875 0.078125 0.06328125
0 0.753125 0.7125 0.08203125 0.0609375
0 0.884375 0.71796875 0.09140625 0.059375
0 0.103125 0.73359375 0.08984375 0.0609375
1 0.41640625 0.33359375 0.078125 0.07890625
1 0.64453125 0.82109375 0.08671875 0.0890625
7 0.1 0.26953125 0.1015625 0.08125
7 0.6078125 0.24765625 0.07734375 0.0859375
2 0.7375 0.465625 0.08203125 0.065625
11 0.515625 0.47421875 0.065625 0.06796875
