6 0.45546875 0.31328125 0.0734375 0.06953125
6 0.7546875 0.69453125 0.08515625 0.06015625
6 0.74609375 0.77109375 0.08046875 0.06484375
4 0.11171875 0.5890625 0.1328125 0.05703125
9 0.884375 0.67734375 0.1203125 0.0578125
0 0.75703125 0.53203125 0.07578125 0.05625
0 0.23671875 0.59453125 0.08671875 0.0515625
0 0.23203125 0.67421875 0.08515625 0.05625
0 0.3265625 0.7640625 0.0828125 0.0625
1 0.753125 0.378125 0.08046875 0.08046875
1 0.13515625 0.5171875 0.115625 0.06328125
7 0.25 0.24296875 0.08515625 0.07890625
7 0.86640625 0.53203125 0.10390625 0.06328125
2 0.14921875 0.37734375 0.09609375 0.07578125
11 0.3359375 0.4453125 0.09453125 0.0671875
