8 0.34609375 0.24921875 0.06171875 0.08515625
6 0.76953125 0.328125 0.07265625 0.0609375
6 0.6953125 0.325 0.06875 0.0640625
6 0.52734375 0.39296875 0.06796875 0.0578125
6 0.44296875 0.4546875 0.06875 0.0578125
6 0.24921875 0.45 0.07109375 0.06484375
6 0.13515625 0.384375 0.0734375 0.06484375
6 0.34140625 0.321875 0.0734375 0.065625
4 0.57734375 0.75703125 0.0890625 0.06328125
9 0.521875 0.2421875 0.06796875 0.103125
0 0.44375 0.5296875 0.075 0.0515625
0 0.34453125 0.59609375 0.07734375 0.05234375
0 0.35859375 0.6875 0.07578125 0.05546875
0 0.65859375 0.6640625 0.08671875 0.0578125
0 0.7578125 0.65859375 0.0875 0.05859375
0 0.8671875 0.65859375 0.09609375 0.05625
0 0.13046875 0.69375 0.08203125 0.05859375
1 0.11328125 0.79375 0.09765625 0.06484375
1 0.89375 0.73359375 0.115625 0.0578125
5 0.46953125 0.759375 0.08671875 0.06015625
7 0.1375 0.24609375 0.0828125 0.08515625
7 0.77734375 0.2609375 0.08203125 0.071875
2 0.35625 0.7796875 0.07734375 0.0609375
2 0.2484375 0.60703125 0.0796875 0.0625
10 0.43046875 0.24609375 0.0640625 0.09609375
3 0.54609375 0.453125 0.075 0.06953125
11 0.33984375 0.37890625 0.0609375 0.0734375
11 0.690625 0.2578125 0.0796875 0.078125
