6 0.428125 0.603125 0.0359375 0.02890625
6 0.42890625 0.56484375 0.0359375 0.02734375
6 0.42734375 0.5296875 0.03515625 0.0296875
6 0.4296875 0.4921875 0.03359375 0.0296875
6 0.425 0.45703125 0.03359375 0.03046875
6 0.42890625 0.42265625 0.03359375 0.03046875
6 0.4265625 0.3578125 0.03359375 0.03125
6 0.4296875 0.3890625 0.034375 0.0328125
0 0.66171875 0.35390625 0.0328125 0.0328125
0 0.66484375 0.3890625 0.034375 0.03125
0 0.66484375 0.42109375 0.0359375 0.0296875
0 0.67265625 0.453125 0.03515625 0.03046875
0 0.67734375 0.49140625 0.03515625 0.0296875
0 0.68125 0.525 0.03671875 0.02890625
0 0.68125 0.5625 0.0375 0.02734375
0 0.6875 0.6046875 0.03671875 0.028125
7 0.38203125 0.35078125 0.0359375 0.03984375
7 0.371875 0.60234375 0.03984375 0.0328125
11 0.37265625 0.5640625 0.04609375 0.03125
11 0.378125 0.38671875 0.0375 0.03828125
8 0.378125 0.4203125 0.0328125 0.03515625
9 0.37734375 0.45390625 0.034375 0.0390625
10 0.375 0.490625 0.034375 0.0359375
8 0.37421875 0.52578125 0.0359375 0.0328125
1 0.7125 0.35 0.04140625 0.0390625
1 0.74375 0.60078125 0.04765625 0.0328125
3 0.7359375 0.559375 0.04765625 0.0328125
3 0.71640625 0.384375 0.04296875 0.0375
2 0.72421875 0.4171875 0.04140625 0.0375
2 0.7375 0.52421875 0.040625 0.0328125
4 0.7296875 0.45 0.04140625 0.0375
5 0.73046875 0.4859375 0.04375 0.03828125
