1 0.1328125 0.23125 0.09375 0.08125
1 0.0984375 0.77109375 0.115625 0.06484375
0 0.24375 0.24140625 0.075 0.06640625
0 0.2328125 0.37890625 0.07578125 0.05859375
0 0.3421875 0.37109375 0.06875 0.05859375
0 0.42421875 0.440625 0.06875 0.053125
0 0.23203125 0.596875 0.08515625 0.053125
0 0.2296875 0.67578125 0.08203125 0.05234375
0 0.21640625 0.77265625 0.08515625 0.05546875
2 0.434375 0.23125 0.06796875 0.08671875
2 0.12109375 0.37109375 0.09921875 0.0734375
5 0.121875 0.44140625 0.10859375 0.07265625
4 0.11171875 0.51796875 0.12109375 0.0625
6 0.61015625 0.23203125 0.06796875 0.0640625
6 0.5296875 0.30625 0.0703125 0.06015625
6 0.528125 0.44453125 0.06171875 0.05390625
6 0.621875 0.5125 0.06875 0.053125
6 0.75078125 0.6671875 0.0796875 0.06015625
6 0.75234375 0.74453125 0.078125 0.05859375
6 0.715625 0.371875 0.07265625 0.0625
7 0.80546875 0.221875 0.08671875 0.08125
7 0.871875 0.75390625 0.11171875 0.065625
3 0.521875 0.5171875 0.08203125 0.05625
11 0.628125 0.36484375 0.08515625 0.07265625
11 0.86171875 0.6703125 0.10703125 0.0640625
8 0.81953125 0.3703125 0.1 0.06796875
10 0.840625 0.43359375 0.09765625 0.0703125
9 0.8484375 0.5140625 0.11171875 0.05703125
