0 0.561607 0.455489 0.100491 0.103687
1 0.077523 0.93702 0.109957 0.116205
0 0.925689 0.678535 0.094195 0.085794
0 0.785147 0.561589 0.086407 0.092879
0 0.094013 0.448972 0.106438 0.098538
0 0.675795 0.561388 0.093192 0.086159
0 0.452959 0.563152 0.10138 0.085487
6 0.801425 0.318431 0.080834 0.095638
6 0.690525 0.446036 0.080583 0.097212
7 0.084638 0.073179 0.12083 0.127854
6 0.223245 0.2077 0.075798 0.091691
6 0.925737 0.198832 0.088703 0.102162
9 0.567345 0.066079 0.108681 0.132158
11 0.207538 0.067428 0.111353 0.108777
4 0.693484 0.923459 0.100727 0.136176
2 0.695522 0.064496 0.100439 0.127681
6 0.566998 0.337033 0.093134 0.092715
6 0.090655 0.203022 0.100474 0.091964
