1 0.277986 0.120053 0.160447 0.139842
0 0.102612 0.93008 0.145522 0.102902
0 0.296642 0.92876 0.138059 0.094986
0 0.660448 0.799472 0.141791 0.094986
0 0.841417 0.936675 0.145522 0.105541
0 0.981344 0.944591 0.037312 0.094986
3 0.66418 0.529024 0.134328 0.134564
11 0.988806 0.120053 0.022388 0.139842
8 0.856344 0.118734 0.152986 0.137203
5 0.300374 0.408971 0.160447 0.121372
9 0.085821 0.124011 0.171643 0.147757
6 0.113806 0.539577 0.130598 0.092349
6 0.66418 0.273087 0.126866 0.102902
6 0.985075 0.540897 0.029851 0.094986
