1 0.362976 0.196529 0.072295 0.089108
1 0.789181 0.799268 0.087427 0.084064
0 0.19737 0.702594 0.070614 0.062207
0 0.283956 0.71016 0.062207 0.060526
0 0.371382 0.712682 0.062207 0.062207
0 0.536148 0.632821 0.06557 0.057164
0 0.616849 0.715204 0.06557 0.063889
0 0.701754 0.720248 0.063889 0.067251
0 0.78834 0.721089 0.072295 0.058845
3 0.536148 0.458809 0.058845 0.082382
11 0.711842 0.196529 0.067251 0.089108
8 0.701754 0.285637 0.073976 0.07902
7 0.789181 0.196529 0.084064 0.089108
5 0.195688 0.199051 0.087427 0.094151
4 0.530263 0.809356 0.070614 0.080702
9 0.195688 0.291521 0.087427 0.094151
6 0.199051 0.377266 0.067251 0.060526
6 0.287318 0.465534 0.058845 0.062207
6 0.537829 0.293202 0.06557 0.067251
6 0.78834 0.280593 0.068933 0.068933
6 0.708479 0.464693 0.060526 0.060526
