1 0.055422 0.899549 0.110843 0.119639
1 0.908434 0.899549 0.125301 0.110609
0 0.059036 0.766366 0.098795 0.088036
0 0.184338 0.782167 0.093976 0.083521
0 0.309639 0.783295 0.084338 0.081264
0 0.543374 0.676072 0.089156 0.083521
0 0.661445 0.788939 0.093976 0.083521
0 0.783133 0.793454 0.096386 0.088036
0 0.907229 0.795711 0.103614 0.097065
3 0.545783 0.440181 0.089156 0.112867
11 0.793976 0.088036 0.089156 0.117381
8 0.313253 0.091422 0.096386 0.110609
8 0.66988 0.083521 0.101205 0.108353
7 0.908434 0.090294 0.120482 0.121896
5 0.313253 0.326185 0.101205 0.097065
4 0.531326 0.913093 0.103614 0.106095
9 0.061446 0.089165 0.122891 0.119639
6 0.063855 0.332957 0.093976 0.079007
6 0.189156 0.44921 0.089156 0.081264
6 0.549397 0.218962 0.086747 0.090294
6 0.787952 0.221219 0.086747 0.090294
6 0.907229 0.198645 0.093976 0.090294
