7 0.990177 0.286744 0.019647 0.142218
11 0.423189 0.273741 0.108794 0.117162
5 0.272503 0.873237 0.142203 0.160133
1 0.007038 0.721018 0.014075 0.160133
11 0.726158 0.420504 0.11814 0.130093
0 0.757167 0.942416 0.11755 0.115167
6 0.244928 0.067429 0.106217 0.103826
4 0.379061 0.917148 0.145184 0.165704
2 0.489204 0.945271 0.146581 0.109459
0 0.054535 0.509883 0.109069 0.115562
7 0.292318 0.011811 0.144609 0.023622
6 0.967526 0.404052 0.064948 0.114569
8 0.516183 0.058804 0.124318 0.117608
6 0.883086 0.345221 0.102631 0.107413
0 0.112637 0.655477 0.111185 0.114771
0 0.513963 0.571015 0.107009 0.1094
6 0.462227 0.167385 0.102631 0.107413
10 0.613193 0.105237 0.128883 0.138445
6 0.778119 0.300215 0.10482 0.108406
0 0.326552 0.751257 0.10999 0.115966
6 0.358649 0.116411 0.101637 0.105224
6 0.573096 0.469822 0.108002 0.111588
0 0.575622 0.737599 0.114368 0.117954
6 0.566595 0.210801 0.103624 0.109601
0 0.218404 0.707445 0.112179 0.11696
1 0.707294 0.990673 0.149763 0.018653
0 0.640458 0.888464 0.118543 0.123325
3 0.257239 0.595719 0.120329 0.131087
8 0.154318 0.275771 0.135263 0.1257
3 0.422273 0.807906 0.132252 0.157353
2 0.167832 0.821765 0.124304 0.139843
9 0.727706 0.146657 0.13545 0.141426
