1 0.054087 0.927885 0.103365 0.120192
1 0.912260 0.927885 0.122596 0.120192
0 0.068510 0.788462 0.098558 0.096154
0 0.191106 0.802885 0.098558 0.091346
0 0.313702 0.804087 0.093750 0.084135
0 0.550481 0.691106 0.096154 0.098558
0 0.673077 0.804087 0.091346 0.103365
0 0.788462 0.816106 0.091346 0.093750
0 0.913462 0.813702 0.096154 0.093750
3 0.554087 0.427885 0.088942 0.115385
3 0.786058 0.943510 0.096154 0.112981
11 0.802885 0.067308 0.091346 0.129808
2 0.069712 0.085337 0.115385 0.122596
8 0.554087 0.337740 0.093750 0.103365
8 0.662260 0.069712 0.103365 0.134615
7 0.912260 0.066106 0.117788 0.127404
5 0.318510 0.314904 0.098558 0.105769
4 0.543269 0.939904 0.100962 0.120192
9 0.191106 0.070913 0.122596 0.137019
6 0.069712 0.324519 0.091346 0.086538
6 0.197115 0.316106 0.086538 0.084135
6 0.664663 0.334135 0.088942 0.091346
6 0.557692 0.206731 0.086538 0.096154
6 0.792067 0.201923 0.093750 0.096154
6 0.913462 0.185096 0.091346 0.096154
