7 0.081731 0.082933 0.115385 0.098558
11 0.66226 0.330529 0.088942 0.098558
0 0.082933 0.802885 0.088942 0.086538
4 0.319712 0.929087 0.105769 0.141826
7 0.913462 0.08774 0.115385 0.103365
6 0.91226 0.210337 0.079327 0.079327
6 0.091346 0.209135 0.086538 0.086538
6 0.78726 0.209135 0.074519 0.081731
6 0.213942 0.203125 0.081731 0.079327
0 0.793269 0.578125 0.086538 0.088942
6 0.329327 0.205529 0.076923 0.084135
8 0.551683 0.221154 0.088942 0.091346
6 0.671875 0.21274 0.074519 0.084135
1 0.794471 0.811298 0.103365 0.122596
3 0.194712 0.671875 0.125 0.098558
0 0.330529 0.683894 0.079327 0.088942
9 0.442308 0.085337 0.096154 0.103365
10 0.677885 0.692308 0.096154 0.129808
2 0.795673 0.438702 0.091346 0.088942
2 0.663462 0.932692 0.091346 0.125
0 0.671875 0.807692 0.084135 0.096154
8 0.201923 0.923077 0.100962 0.125
0 0.21274 0.798077 0.088942 0.096154
