7 0.957774 0.068736 0.084451 0.137473
11 0.307665 0.279286 0.097826 0.150916
11 0.67951 0.345741 0.105826 0.164685
0 0.949451 0.960308 0.101098 0.079384
1 0.035542 0.951955 0.071083 0.096091
5 0.41783 0.985363 0.117398 0.029274
4 0.546727 0.988487 0.134325 0.023026
6 0.039773 0.109055 0.079546 0.113076
8 0.306934 0.031724 0.108923 0.063448
6 0.957169 0.229975 0.085663 0.136495
7 0.052564 0.01247 0.105128 0.02494
0 0.047608 0.702861 0.095216 0.137589
0 0.41343 0.898446 0.106437 0.134216
6 0.677668 0.181339 0.099528 0.114465
6 0.818933 0.203797 0.091527 0.131785
6 0.178381 0.119724 0.092851 0.131631
0 0.287221 0.888583 0.097838 0.160211
0 0.155988 0.860932 0.100362 0.140887
0 0.674767 0.795248 0.10517 0.142787
3 0.418315 0.443164 0.116906 0.12252
6 0.295539 0.135762 0.073667 0.104611
6 0.551079 0.468045 0.09365 0.13319
0 0.528547 0.615801 0.102729 0.12791
10 0.427134 0.04014 0.108248 0.080279
8 0.049431 0.392513 0.098863 0.128855
3 0.548403 0.915887 0.118284 0.168225
9 0.561873 0.047668 0.104475 0.095335
0 0.808703 0.942895 0.119858 0.114211
2 0.292062 0.983893 0.106458 0.032213
