7 0.784191 0.213345 0.075565 0.070637
11 0.389116 0.385009 0.060781 0.065709
0 0.785013 0.706984 0.060781 0.059138
6 0.219094 0.302052 0.055853 0.05421
7 0.217451 0.219094 0.078851 0.068995
6 0.779263 0.301231 0.059138 0.059138
0 0.299588 0.550924 0.062423 0.059138
10 0.22238 0.634703 0.07228 0.085422
8 0.384188 0.223201 0.067352 0.060781
2 0.624025 0.792405 0.060781 0.082136
6 0.695484 0.295481 0.052567 0.05421
6 0.303694 0.301231 0.050924 0.055853
6 0.616633 0.299588 0.052567 0.055853
0 0.615812 0.62649 0.05421 0.062423
6 0.382545 0.302873 0.050924 0.055853
3 0.708626 0.617455 0.088707 0.070637
1 0.297945 0.711911 0.065709 0.085422
2 0.387474 0.794869 0.060781 0.087065
0 0.383367 0.707805 0.055853 0.067352
4 0.542711 0.79569 0.062423 0.091992
0 0.695484 0.701234 0.062423 0.067352
8 0.705341 0.789941 0.068995 0.087065
9 0.543532 0.218272 0.067352 0.070637
