7 0.823364 0.112531 0.095327 0.107417
11 0.373831 0.370844 0.067289 0.107417
0 0.825233 0.873402 0.069159 0.094629
6 0.181308 0.245524 0.063552 0.081841
7 0.180374 0.115089 0.087851 0.107417
6 0.818692 0.242967 0.067289 0.092071
8 0.369159 0.121483 0.076636 0.094629
6 0.27757 0.242967 0.057944 0.086957
6 0.723365 0.235294 0.059813 0.086957
0 0.271963 0.63555 0.065421 0.084399
6 0.63271 0.237852 0.061682 0.086957
6 0.36729 0.248082 0.057944 0.086957
3 0.739252 0.734015 0.095327 0.102302
1 0.272897 0.881074 0.074766 0.125319
0 0.63271 0.748082 0.061682 0.094629
10 0.364486 0.758312 0.074766 0.140665
2 0.271963 0.488491 0.072897 0.092071
0 0.36729 0.879795 0.065421 0.102302
8 0.733645 0.966752 0.080374 0.066496
9 0.546729 0.111254 0.076636 0.109974
5 0.550467 0.970588 0.072897 0.058824
0 0.725234 0.865729 0.071028 0.10486
2 0.371028 0.971867 0.065421 0.056266
