1 0.177372 0.813813 0.084624 0.08815
3 0.710678 0.825273 0.065231 0.082861
5 0.447992 0.813813 0.075808 0.091676
4 0.529089 0.822628 0.075808 0.08815
0 0.804998 0.730071 0.07052 0.065231
0 0.712441 0.730071 0.065231 0.065231
0 0.625173 0.730071 0.066994 0.068757
0 0.537905 0.64104 0.065231 0.066994
0 0.36425 0.722138 0.066994 0.063468
6 0.539668 0.287559 0.061705 0.068757
6 0.624291 0.287559 0.068757 0.065231
6 0.715085 0.283152 0.066994 0.066994
7 0.803235 0.18178 0.084624 0.093439
8 0.365131 0.193239 0.072283 0.081098
8 0.622528 0.183543 0.075808 0.093439
11 0.723019 0.180898 0.068757 0.091676
9 0.539668 0.182661 0.072283 0.095202
10 0.451517 0.275218 0.072283 0.086386
6 0.803235 0.267284 0.066994 0.07052
6 0.276981 0.365131 0.065231 0.061705
6 0.18795 0.283152 0.066994 0.066994
2 0.626936 0.547601 0.074046 0.074046
0 0.184424 0.715967 0.063467 0.065231
0 0.274337 0.720375 0.063467 0.063467
1 0.802354 0.815576 0.086386 0.081098
11 0.360723 0.355435 0.063468 0.084624
3 0.441821 0.454162 0.063468 0.081098
2 0.183543 0.193239 0.079335 0.08815
