11 0.335337 0.325721 0.079327 0.09375
7 0.91226 0.075721 0.103365 0.108173
0 0.917067 0.801683 0.088942 0.088942
6 0.088942 0.211538 0.081731 0.076923
4 0.5625 0.932692 0.091346 0.134615
0 0.206731 0.573317 0.091346 0.088942
6 0.908654 0.209135 0.086538 0.086538
7 0.085337 0.08774 0.112981 0.103365
8 0.330529 0.097356 0.098558 0.088942
0 0.096154 0.695913 0.086538 0.088942
1 0.209135 0.9375 0.100962 0.125
2 0.683894 0.93149 0.09375 0.127404
6 0.21274 0.209135 0.074519 0.081731
6 0.786058 0.203125 0.076923 0.079327
6 0.670673 0.206731 0.076923 0.081731
10 0.085337 0.824519 0.112981 0.134615
0 0.669471 0.685096 0.079327 0.091346
3 0.804087 0.670673 0.127404 0.096154
6 0.328125 0.210337 0.074519 0.084135
0 0.329327 0.804087 0.086538 0.09375
9 0.558894 0.085337 0.098558 0.108173
0 0.786058 0.794471 0.091346 0.098558
8 0.799279 0.920673 0.108173 0.129808
2 0.334135 0.936298 0.091346 0.127404
