1 0.087740 0.917067 0.108173 0.103365
0 0.092548 0.800481 0.093750 0.081731
0 0.435096 0.792067 0.076923 0.079327
1 0.926683 0.921875 0.108173 0.103365
0 0.213942 0.794471 0.076923 0.079327
0 0.908654 0.784856 0.086538 0.079327
0 0.323317 0.792067 0.079327 0.084135
0 0.671875 0.792067 0.079327 0.079327
0 0.776442 0.778846 0.076923 0.081731
3 0.788462 0.927885 0.081731 0.120192
6 0.912260 0.205529 0.084135 0.088942
6 0.219952 0.205529 0.074519 0.088942
6 0.445913 0.204327 0.074519 0.086538
0 0.560096 0.563702 0.081731 0.079327
8 0.338942 0.073317 0.086538 0.112981
6 0.090144 0.197115 0.084135 0.081731
7 0.087740 0.066106 0.108173 0.112981
6 0.786058 0.204327 0.076923 0.086538
6 0.328125 0.203125 0.074519 0.084135
11 0.801683 0.069712 0.079327 0.134615
6 0.681490 0.210337 0.079327 0.084135
2 0.328125 0.911058 0.084135 0.100962
8 0.683894 0.069712 0.088942 0.115385
3 0.216346 0.926683 0.076923 0.117788
2 0.669471 0.911058 0.084135 0.100962
6 0.557692 0.332933 0.081731 0.084135
4 0.560096 0.927885 0.076923 0.120192
7 0.919471 0.069712 0.103365 0.115385
10 0.447115 0.073317 0.091346 0.122596
11 0.212740 0.070913 0.084135 0.127404
5 0.448317 0.911058 0.084135 0.120192
9 0.557692 0.070913 0.091346 0.132212
