7 0.746914 0.050135 0.090535 0.100271
11 0.253086 0.315718 0.065844 0.105691
0 0.75 0.852304 0.076131 0.100271
1 0.039095 0.964769 0.07819 0.070461
5 0.346707 0.964769 0.080247 0.070461
6 0.041152 0.188347 0.069959 0.089431
0 0.140947 0.597561 0.076131 0.100271
2 0.549382 0.963414 0.078189 0.073171
7 0.04321 0.0542 0.08642 0.1084
10 0.337448 0.452575 0.074074 0.102981
6 0.74177 0.186992 0.076131 0.09756
0 0.047325 0.734418 0.074074 0.09756
8 0.247943 0.058266 0.084362 0.100271
4 0.44856 0.960704 0.082305 0.078591
6 0.63786 0.180217 0.065844 0.089431
6 0.148148 0.185637 0.065844 0.094851
0 0.537037 0.720867 0.069959 0.102981
6 0.538066 0.182927 0.067901 0.094851
0 0.341564 0.574526 0.065844 0.092141
6 0.439301 0.44851 0.072017 0.094851
0 0.245885 0.857724 0.072017 0.105691
1 0.653293 0.96748 0.092593 0.065041
6 0.245885 0.188347 0.063786 0.094851
8 0.139918 0.308943 0.082305 0.092141
3 0.443415 0.869919 0.076131 0.151761
0 0.639918 0.845528 0.078189 0.108401
2 0.248971 0.963415 0.069959 0.07317
9 0.443415 0.055555 0.080247 0.111111
