7 0.917067 0.081731 0.112981 0.100962
11 0.338942 0.328125 0.086538 0.103365
0 0.919471 0.804087 0.093750 0.093750
6 0.088942 0.211538 0.081731 0.076923
8 0.330529 0.097356 0.098558 0.088942
10 0.096154 0.698317 0.110577 0.127404
7 0.086538 0.087740 0.115385 0.103365
6 0.907452 0.209135 0.088942 0.086538
6 0.212740 0.209135 0.074519 0.081731
6 0.786058 0.203125 0.081731 0.079327
6 0.670673 0.204327 0.076923 0.081731
0 0.206731 0.578125 0.086538 0.084135
3 0.804087 0.671875 0.122596 0.093750
6 0.328125 0.211538 0.074519 0.081731
1 0.203125 0.808894 0.103365 0.127404
0 0.329327 0.805288 0.081731 0.096154
0 0.669471 0.685096 0.079327 0.091346
2 0.206731 0.441106 0.096154 0.093750
2 0.335337 0.930288 0.084135 0.129808
9 0.560096 0.085337 0.100962 0.103365
0 0.784856 0.795673 0.088942 0.100962
4 0.563702 0.931490 0.093750 0.137019
8 0.796875 0.923077 0.098558 0.129808
