0 0.507894 0.45406 0.094736 0.070513
1 0.027631 0.868589 0.055263 0.09188
0 0.896053 0.652778 0.097368 0.07906
0 0.630263 0.544872 0.086842 0.07265
0 0.752631 0.551282 0.089474 0.076923
0 0.390789 0.544872 0.086842 0.068376
0 0.025 0.443376 0.05 0.070513
6 0.761843 0.338675 0.086842 0.074787
1 0.636842 0.870726 0.1 0.09188
7 0.027631 0.111111 0.055263 0.111111
6 0.9 0.23718 0.094736 0.081196
6 0.639474 0.445513 0.08421 0.074787
7 0.647368 0.114317 0.105263 0.1047
2 0.259211 0.652778 0.092106 0.07906
8 0.135526 0.438034 0.097368 0.081196
3 0.247369 0.55235 0.105263 0.07906
11 0.125 0.114317 0.107895 0.096154
6 0.510526 0.349359 0.089474 0.074787
4 0.769737 0.867521 0.113157 0.106837
6 0.025 0.228632 0.05 0.081196
6 0.143421 0.240385 0.097368 0.074787
9 0.386843 0.121795 0.1 0.123932
