1 0.34642 0.05768 0.114801 0.11536
1 0.870827 0.949773 0.13588 0.100454
0 0.048315 0.744741 0.09663 0.10294
0 0.18741 0.536498 0.099402 0.097238
0 0.287978 0.785189 0.097467 0.101795
0 0.532163 0.693849 0.094845 0.099173
0 0.777264 0.592938 0.097467 0.101795
0 0.637739 0.827107 0.099631 0.099631
0 0.881359 0.855247 0.104417 0.100089
11 0.680068 0.321628 0.094743 0.122874
8 0.702965 0.082337 0.114801 0.134277
7 0.944363 0.11105 0.111274 0.144993
5 0.568786 0.336337 0.110806 0.117298
4 0.495305 0.937043 0.119358 0.125915
9 0.825858 0.350068 0.125851 0.125851
6 0.581889 0.21202 0.097467 0.101795
6 0.940609 0.223402 0.102024 0.09986
6 0.799251 0.476714 0.094158 0.091995
