1 0.425979 0.055537 0.087822 0.111074
1 0.931583 0.943209 0.120442 0.113582
0 0.050519 0.79985 0.101038 0.087822
0 0.177568 0.814905 0.087822 0.102878
0 0.308046 0.81616 0.087822 0.095349
0 0.553948 0.699482 0.097859 0.087822
0 0.676899 0.822432 0.097859 0.097859
0 0.79985 0.82996 0.097859 0.097859
0 0.931583 0.819923 0.100368 0.087822
3 0.556458 0.43727 0.09284 0.12546
11 0.81616 0.056792 0.100368 0.113583
8 0.310556 0.056792 0.097859 0.113583
8 0.684427 0.054282 0.097859 0.108565
7 0.930328 0.056792 0.12295 0.113583
5 0.309301 0.315573 0.100368 0.107895
4 0.551439 0.950736 0.112914 0.098528
9 0.165022 0.060555 0.117933 0.121111
6 0.050853 0.313064 0.09535 0.09284
6 0.187604 0.443542 0.087822 0.09284
6 0.556458 0.192623 0.087822 0.102878
6 0.931583 0.168785 0.105387 0.100368
6 0.808632 0.443542 0.090331 0.09284
