7 0.963687 0.148936 0.072626 0.12766
6 0.966481 0.310031 0.067039 0.109422
7 0.047486 0.158054 0.094972 0.12766
6 0.039106 0.311551 0.078212 0.100304
8 0.178771 0.597264 0.111732 0.118541
0 0.702514 0.74924 0.103352 0.112462
6 0.175977 0.310031 0.089385 0.103344
6 0.705307 0.302432 0.092179 0.106383
6 0.840783 0.299392 0.089385 0.100304
10 0.569833 0.992401 0.100558 0.015197
6 0.310056 0.313069 0.089385 0.103344
9 0.579609 0.156534 0.114525 0.130699
2 0.173184 0.781155 0.111732 0.115501
0 0.844972 0.99696 0.108939 0.006079
4 0.856145 0.920973 0.142458 0.158054
