7 0.085337 0.086538 0.122596 0.100962
11 0.663462 0.329327 0.086538 0.100962
0 0.082933 0.801683 0.088942 0.088942
6 0.911058 0.211538 0.081731 0.076923
7 0.91226 0.088942 0.112981 0.100962
6 0.091346 0.209135 0.086538 0.086538
8 0.669471 0.094952 0.098558 0.088942
6 0.78726 0.209135 0.074519 0.081731
6 0.213942 0.201923 0.076923 0.081731
0 0.794471 0.578125 0.084135 0.079327
6 0.330529 0.204327 0.079327 0.081731
6 0.671875 0.213942 0.074519 0.081731
3 0.19351 0.670673 0.122596 0.096154
1 0.793269 0.808894 0.096154 0.117788
0 0.330529 0.683894 0.079327 0.088942
10 0.675481 0.69351 0.096154 0.132212
2 0.794471 0.439904 0.09375 0.086538
0 0.671875 0.807692 0.084135 0.096154
8 0.200721 0.920673 0.103365 0.125
9 0.441106 0.085337 0.098558 0.103365
5 0.436298 0.932692 0.09375 0.134615
0 0.211538 0.794471 0.091346 0.098558
2 0.667067 0.93149 0.084135 0.127404
