1 0.081731 0.925481 0.110577 0.105769
1 0.927885 0.927885 0.105769 0.110577
0 0.671875 0.792067 0.084135 0.084135
0 0.207933 0.802885 0.084135 0.081731
6 0.081731 0.193510 0.086538 0.088942
0 0.318510 0.794471 0.084135 0.084135
0 0.774038 0.781250 0.081731 0.086538
8 0.334135 0.066106 0.091346 0.117788
0 0.912260 0.788462 0.084135 0.086538
0 0.085337 0.804087 0.088942 0.079327
6 0.917067 0.198317 0.084135 0.084135
6 0.210337 0.201923 0.079327 0.086538
6 0.555288 0.332933 0.081731 0.088942
6 0.679087 0.201923 0.079327 0.086538
6 0.431490 0.441106 0.079327 0.084135
3 0.787260 0.927885 0.084135 0.120192
4 0.552885 0.927885 0.081731 0.120192
8 0.675481 0.060096 0.091346 0.115385
2 0.323317 0.912260 0.084135 0.103365
0 0.441106 0.552885 0.084135 0.081731
6 0.787260 0.200721 0.079327 0.084135
11 0.204327 0.068510 0.091346 0.112981
11 0.433894 0.199519 0.103365 0.086538
0 0.552885 0.444712 0.081731 0.081731
3 0.443510 0.802885 0.088942 0.100962
7 0.927885 0.064904 0.115385 0.125000
5 0.447115 0.920673 0.091346 0.115385
2 0.437500 0.662260 0.086538 0.088942
7 0.084135 0.064904 0.110577 0.125000
10 0.443510 0.069712 0.088942 0.134615
6 0.319712 0.427885 0.086538 0.081731
9 0.554087 0.067308 0.093750 0.129808
