11 0.483608 0.260796 0.120826 0.122797
0 0.631846 0.966759 0.125194 0.066483
6 0.366683 0.034933 0.110461 0.069867
4 0.274824 0.871954 0.162842 0.168755
0 0.226205 0.371175 0.12181 0.12181
8 0.630526 0.07661 0.127051 0.126722
2 0.366863 0.935525 0.151492 0.12895
0 0.063518 0.392947 0.123667 0.123338
6 0.969732 0.535102 0.060537 0.12181
5 0.408806 0.510562 0.137415 0.140043
6 0.909528 0.452556 0.113517 0.113188
6 0.820436 0.379232 0.112859 0.113845
6 0.464726 0.092706 0.112859 0.113845
1 0.459174 0.973279 0.146367 0.053441
0 0.51383 0.747991 0.121154 0.122468
2 0.097733 0.727763 0.14778 0.153364
6 0.550599 0.16805 0.109476 0.110461
0 0.174981 0.626336 0.122682 0.124324
10 0.311477 0.449138 0.142984 0.144626
9 0.810671 0.217089 0.142114 0.142114
8 0.385014 0.168756 0.124324 0.122682
3 0.346726 0.777023 0.144068 0.15031
0 0.536366 0.909749 0.131634 0.132291
