1 0.275964 0.99529 0.156696 0.00942
1 0.986241 0.720138 0.027518 0.158885
0 0.227167 0.939459 0.125287 0.121083
0 0.345878 0.902395 0.118718 0.119916
0 0.460226 0.851889 0.122105 0.119711
0 0.625964 0.652727 0.117726 0.117726
0 0.779682 0.712379 0.122105 0.119711
0 0.892133 0.669331 0.119711 0.122105
0 0.97197 0.617233 0.05606 0.125082
3 0.519493 0.411989 0.124264 0.139826
3 0.937765 0.784277 0.124469 0.14578
11 0.59626 0.027227 0.134801 0.054453
2 0.005789 0.299347 0.011579 0.156113
8 0.479698 0.327096 0.122893 0.125287
8 0.470161 0.061376 0.145339 0.122751
7 0.697968 0.010066 0.167438 0.020132
5 0.505953 0.696563 0.132438 0.134832
4 0.721007 0.88281 0.141574 0.151151
9 0.188587 0.287487 0.147733 0.160901
6 0.047554 0.517797 0.095108 0.116529
6 0.148111 0.460226 0.113348 0.115742
6 0.431482 0.20907 0.112151 0.116939
6 0.534285 0.165116 0.11434 0.117931
6 0.644459 0.111222 0.12409 0.12409
6 0.747585 0.054761 0.124878 0.109521
