11 0.663462 0.324519 0.076923 0.091346
11 0.328125 0.331731 0.079327 0.105769
7 0.08774 0.078125 0.103365 0.108173
5 0.555288 0.932692 0.091346 0.134615
0 0.082933 0.799279 0.088942 0.088942
1 0.915865 0.933894 0.096154 0.132212
2 0.31851 0.927885 0.088942 0.120192
6 0.911058 0.211538 0.081731 0.076923
4 0.436298 0.930288 0.09375 0.139423
8 0.668269 0.091346 0.096154 0.086538
7 0.913462 0.088942 0.115385 0.100962
6 0.091346 0.209135 0.086538 0.086538
0 0.903846 0.69351 0.086538 0.084135
6 0.215144 0.203125 0.074519 0.084135
0 0.554087 0.800481 0.079327 0.091346
0 0.456731 0.558894 0.076923 0.084135
0 0.792067 0.804087 0.079327 0.088942
6 0.329327 0.203125 0.076923 0.084135
6 0.78726 0.209135 0.074519 0.081731
6 0.5625 0.441106 0.076923 0.084135
6 0.445913 0.442308 0.079327 0.086538
10 0.560096 0.094952 0.091346 0.09375
0 0.329327 0.685096 0.081731 0.091346
8 0.907452 0.442308 0.108173 0.086538
0 0.671875 0.807692 0.079327 0.091346
6 0.670673 0.211538 0.072115 0.081731
1 0.197115 0.925481 0.091346 0.134615
3 0.68149 0.686298 0.084135 0.108173
3 0.441106 0.814904 0.088942 0.134615
2 0.667067 0.936298 0.088942 0.127404
9 0.438702 0.086538 0.098558 0.110577
