0 0.557692 0.548077 0.086538 0.081731
0 0.911058 0.325721 0.091346 0.088942
0 0.667067 0.447115 0.079327 0.086538
0 0.78125 0.439904 0.081731 0.086538
0 0.090144 0.561298 0.088942 0.084135
1 0.21274 0.082933 0.098558 0.103365
0 0.449519 0.444712 0.081731 0.076923
6 0.674279 0.558894 0.079327 0.084135
6 0.555288 0.668269 0.081731 0.086538
6 0.788462 0.679087 0.081731 0.084135
6 0.914663 0.794471 0.088942 0.088942
11 0.445913 0.805288 0.084135 0.105769
7 0.323317 0.93149 0.098558 0.117788
9 0.557692 0.927885 0.096154 0.139423
6 0.091346 0.805288 0.086538 0.091346
2 0.439904 0.677885 0.086538 0.100962
4 0.6875 0.081731 0.096154 0.115385
6 0.209135 0.676683 0.086538 0.084135
