7 0.915865 0.080529 0.110577 0.103365
11 0.337740 0.331731 0.088942 0.096154
0 0.917067 0.802885 0.088942 0.086538
6 0.088942 0.210337 0.081731 0.079327
7 0.086538 0.088942 0.115385 0.100962
6 0.908654 0.209135 0.086538 0.086538
0 0.206731 0.574519 0.091346 0.086538
10 0.093750 0.697115 0.105769 0.125000
8 0.330529 0.094952 0.098558 0.088942
2 0.681490 0.927885 0.088942 0.120192
6 0.786058 0.200721 0.076923 0.079327
6 0.212740 0.209135 0.074519 0.081731
6 0.670673 0.206731 0.076923 0.081731
0 0.669471 0.685096 0.079327 0.091346
6 0.328125 0.211538 0.074519 0.081731
3 0.805288 0.671875 0.129808 0.103365
1 0.204327 0.810096 0.096154 0.125000
2 0.335337 0.931490 0.088942 0.127404
0 0.329327 0.804087 0.081731 0.098558
4 0.562500 0.932692 0.091346 0.134615
0 0.786058 0.794471 0.091346 0.098558
8 0.800481 0.924279 0.100962 0.127404
9 0.563702 0.087740 0.098558 0.103365
