7 0.915662 0.076573 0.12746 0.108502
0 0.942011 0.793173 0.102666 0.094057
6 0.913383 0.199359 0.09631 0.093592
7 0.08257 0.075231 0.11197 0.105094
6 0.086945 0.196108 0.084605 0.094888
8 0.205294 0.421429 0.115838 0.109896
0 0.663622 0.544037 0.102994 0.091481
6 0.209256 0.192015 0.088013 0.082172
6 0.669025 0.186057 0.087744 0.078789
6 0.788445 0.187334 0.08795 0.084652
10 0.557359 0.80169 0.090916 0.15904
6 0.327092 0.197806 0.086329 0.088315
9 0.558125 0.075873 0.103622 0.111271
2 0.206112 0.569867 0.105877 0.100157
0 0.803063 0.800213 0.108904 0.093205
4 0.804711 0.690985 0.13416 0.138349
