7 0.917067 0.082933 0.112981 0.098558
11 0.335337 0.329327 0.084135 0.105769
0 0.917067 0.804087 0.088942 0.09375
6 0.908654 0.209135 0.086538 0.086538
6 0.088942 0.211538 0.081731 0.076923
10 0.329327 0.822115 0.096154 0.134615
7 0.08774 0.088942 0.112981 0.100962
6 0.213942 0.209135 0.076923 0.081731
6 0.786058 0.200721 0.076923 0.079327
6 0.669471 0.206731 0.079327 0.081731
0 0.206731 0.576923 0.081731 0.081731
8 0.448317 0.223558 0.09375 0.091346
6 0.329327 0.213942 0.076923 0.081731
3 0.810096 0.673077 0.115385 0.096154
0 0.673077 0.682692 0.086538 0.091346
2 0.206731 0.439904 0.091346 0.086538
9 0.558894 0.086538 0.098558 0.105769
2 0.322115 0.447115 0.086538 0.086538
4 0.682692 0.816106 0.105769 0.146635
0 0.789663 0.800481 0.084135 0.096154
