1 0.69351 0.06851 0.103365 0.127404
1 0.08774 0.927885 0.122596 0.125
0 0.93149 0.788462 0.09375 0.096154
0 0.805288 0.567308 0.091346 0.096154
0 0.683894 0.802885 0.09375 0.096154
0 0.449519 0.691106 0.086538 0.084135
0 0.330529 0.813702 0.09375 0.09375
0 0.21274 0.816106 0.09375 0.088942
0 0.086538 0.814904 0.096154 0.096154
11 0.199519 0.067308 0.100962 0.129808
8 0.21274 0.194712 0.103365 0.110577
7 0.086538 0.066106 0.115385 0.127404
5 0.819712 0.444712 0.115385 0.100962
4 0.456731 0.938702 0.100962 0.122596
9 0.447115 0.325721 0.100962 0.117788
6 0.445913 0.206731 0.084135 0.091346
6 0.203125 0.450721 0.084135 0.084135
6 0.086538 0.182692 0.091346 0.091346
