7 0.951034 0.008982 0.083089 0.017965
0 0.985688 0.765668 0.028624 0.168585
0 0.771619 0.467831 0.083784 0.13248
8 0.238555 0.340282 0.178185 0.149019
6 0.099191 0.035526 0.151713 0.071052
10 0.888547 0.471349 0.110988 0.172412
6 0.269913 0.044955 0.126776 0.089909
6 0.952962 0.078468 0.075062 0.089583
6 0.858744 0.070213 0.081852 0.100114
6 0.760631 0.332352 0.083004 0.105977
6 0.409398 0.049129 0.124797 0.098258
4 0.971598 0.459542 0.056803 0.141089
2 0.184762 0.578501 0.189843 0.182944
0 0.90334 0.778092 0.091821 0.174319
