0 0.082933 0.197115 0.088942 0.091346
7 0.080529 0.915865 0.117788 0.100962
8 0.783654 0.5625 0.091346 0.086538
10 0.661058 0.191106 0.086538 0.137019
6 0.911058 0.789663 0.081731 0.079327
6 0.091346 0.790865 0.086538 0.086538
7 0.911058 0.911058 0.115385 0.100962
6 0.213942 0.798077 0.076923 0.081731
6 0.329327 0.796875 0.076923 0.084135
6 0.78726 0.790865 0.074519 0.081731
6 0.671875 0.788462 0.074519 0.081731
0 0.329327 0.316106 0.081731 0.088942
3 0.435096 0.19351 0.105769 0.103365
2 0.78726 0.420673 0.088942 0.096154
4 0.198317 0.304087 0.117788 0.117788
9 0.441106 0.91226 0.098558 0.103365
0 0.211538 0.199519 0.091346 0.096154
