11 0.248497 0.061097 0.064128 0.112219
7 0.841684 0.05985 0.088176 0.109725
11 0.640281 0.322943 0.066132 0.112219
5 0.451903 0.938903 0.078156 0.122195
1 0.149299 0.937656 0.078156 0.124688
0 0.845691 0.80798 0.072144 0.094763
7 0.150301 0.068578 0.092184 0.102245
6 0.154308 0.197007 0.068136 0.0798
0 0.160321 0.810474 0.072144 0.099751
8 0.355712 0.071072 0.078156 0.092269
0 0.451903 0.805486 0.066132 0.094763
10 0.446894 0.069825 0.076152 0.099751
0 0.532064 0.558603 0.066132 0.084788
0 0.255511 0.810474 0.066132 0.089775
6 0.734469 0.188279 0.062124 0.087282
6 0.353707 0.197007 0.062124 0.084788
6 0.639278 0.188279 0.064128 0.087282
8 0.641283 0.067331 0.08016 0.099751
6 0.836673 0.194514 0.074148 0.089775
2 0.648296 0.938903 0.074148 0.122194
6 0.258517 0.193267 0.064128 0.087282
6 0.447896 0.19202 0.062124 0.089775
0 0.643287 0.805486 0.068136 0.094763
6 0.544088 0.194514 0.062124 0.084788
3 0.346694 0.689526 0.072144 0.112219
0 0.352705 0.811721 0.068136 0.097257
1 0.846693 0.932668 0.086172 0.134663
9 0.547094 0.066085 0.08016 0.112219
0 0.736473 0.800499 0.074148 0.099751
4 0.548096 0.937656 0.074148 0.124689
3 0.743487 0.947631 0.072144 0.104738
2 0.356714 0.941396 0.076152 0.117207
