6 0.991517 0.117338 0.016967 0.11919
0 0.572141 0.430995 0.106644 0.10037
0 0.986811 0.868547 0.026377 0.103507
1 0.014757 0.986811 0.029515 0.026378
0 0.430995 0.565868 0.10037 0.106644
0 0.856002 0.863842 0.103507 0.112916
0 0.010052 0.727402 0.020104 0.103507
0 0.120475 0.887367 0.106644 0.109781
0 0.714855 0.569005 0.103507 0.106644
6 0.873253 0.112633 0.10037 0.109781
6 0.426291 0.4357 0.103507 0.10978
8 0.286712 0.006916 0.112916 0.013832
6 0.572141 0.283577 0.106644 0.106644
6 0.72897 0.423154 0.10037 0.109781
6 0.01162 0.10636 0.02324 0.109781
1 0.722697 0.991516 0.112916 0.016968
7 0.017893 0.010052 0.035787 0.020105
5 0.264758 0.882662 0.112916 0.131737
2 0.274167 0.985243 0.112916 0.029514
11 0.260052 0.258484 0.122326 0.11919
11 0.117338 0.264758 0.125463 0.11919
3 0.429427 0.892072 0.109781 0.11919
3 0.569005 0.887367 0.106644 0.122326
10 0.427859 0.010052 0.125463 0.020104
9 0.882662 0.011621 0.131737 0.023242
2 0.429427 0.71956 0.109781 0.112916
8 0.583119 0.11577 0.103507 0.1286
6 0.133021 0.11577 0.094097 0.116053
7 0.735242 0.008484 0.11919 0.016968
4 0.887367 0.983675 0.134872 0.032651
