11 0.413954 0.408929 0.041453 0.04899
7 0.715429 0.27829 0.054014 0.056527
0 0.717941 0.657647 0.046477 0.046477
6 0.285199 0.349262 0.042709 0.040197
4 0.53266 0.726106 0.047734 0.070344
0 0.34675 0.538312 0.047734 0.046477
6 0.713545 0.348006 0.045221 0.045221
7 0.283315 0.284571 0.059039 0.054014
8 0.411442 0.289595 0.051502 0.046477
0 0.288967 0.602376 0.045221 0.046477
1 0.348006 0.728619 0.052758 0.06532
2 0.596095 0.725478 0.04899 0.066576
6 0.34989 0.348006 0.03894 0.042709
6 0.649482 0.344866 0.040197 0.041453
6 0.589186 0.34675 0.040197 0.042709
10 0.283315 0.66958 0.059039 0.070344
0 0.588558 0.596723 0.041453 0.047734
3 0.658903 0.589186 0.066576 0.050246
6 0.410185 0.348634 0.03894 0.043965
0 0.410814 0.658903 0.045221 0.04899
9 0.530775 0.283315 0.051502 0.056527
0 0.649482 0.653878 0.047734 0.051502
8 0.65639 0.719826 0.056527 0.067832
2 0.413326 0.727991 0.047734 0.066576
