0 0.758839 0.63624 0.093434 0.100817
0 0.623737 0.504087 0.085859 0.103542
0 0.503788 0.498638 0.083333 0.092643
0 0.388889 0.380109 0.085859 0.089918
0 0.275252 0.498638 0.080808 0.092643
6 0.035353 0.104905 0.070707 0.100817
6 0.761364 0.106267 0.088384 0.103542
6 0.272727 0.380109 0.080808 0.095368
6 0.631314 0.235694 0.085859 0.095368
6 0.388889 0.247957 0.085859 0.098092
6 0.512627 0.371935 0.080808 0.095368
5 0.141414 0.772479 0.090909 0.122616
11 0.132576 0.230245 0.098485 0.106267
1 0.510101 0.918256 0.095959 0.114442
2 0.147727 0.904632 0.088384 0.114442
0 0.031566 0.489101 0.063132 0.089918
3 0.388889 0.775204 0.090909 0.111717
3 0.27399 0.776567 0.088384 0.103542
11 0.035353 0.237057 0.070707 0.092643
9 0.637626 0.014986 0.103536 0.029972
2 0.275252 0.63079 0.085859 0.100817
8 0.395202 0.104905 0.093434 0.106267
8 0.266414 0.104905 0.088384 0.111717
10 0.271464 0.014986 0.098485 0.029973
7 0.518939 0.010899 0.103536 0.021798
4 0.638889 0.912806 0.116162 0.136239
