1 0.378356 0.052411 0.072147 0.104822
1 0.803692 0.802935 0.087248 0.104821
0 0.213087 0.680294 0.07047 0.081761
0 0.300336 0.487422 0.063758 0.077568
0 0.386745 0.694969 0.06208 0.081761
0 0.550336 0.595388 0.060402 0.079664
0 0.713926 0.487422 0.06208 0.081761
0 0.63255 0.702306 0.063758 0.079665
0 0.803692 0.706499 0.067114 0.079664
11 0.628356 0.259958 0.058725 0.100629
8 0.628356 0.052411 0.072147 0.104822
7 0.803692 0.056604 0.080537 0.113208
5 0.552014 0.281971 0.07047 0.09434
4 0.541108 0.812369 0.075503 0.106918
9 0.731544 0.272537 0.080537 0.100629
6 0.552853 0.172956 0.06208 0.081761
6 0.802853 0.15304 0.065436 0.079664
6 0.721476 0.384696 0.060402 0.073376
