7 0.918269 0.082933 0.115385 0.098558
11 0.33774 0.330529 0.088942 0.098558
0 0.917067 0.802885 0.088942 0.086538
4 0.680288 0.929087 0.105769 0.141826
7 0.086538 0.08774 0.115385 0.103365
6 0.08774 0.210337 0.079327 0.079327
6 0.908654 0.209135 0.086538 0.086538
6 0.21274 0.209135 0.074519 0.081731
6 0.786058 0.203125 0.081731 0.079327
0 0.206731 0.578125 0.086538 0.088942
6 0.670673 0.205529 0.076923 0.084135
8 0.448317 0.221154 0.088942 0.091346
6 0.328125 0.21274 0.074519 0.084135
1 0.205529 0.811298 0.103365 0.122596
3 0.805288 0.671875 0.125 0.098558
0 0.669471 0.683894 0.079327 0.088942
9 0.557692 0.085337 0.096154 0.103365
10 0.322115 0.692308 0.096154 0.129808
2 0.204327 0.438702 0.091346 0.088942
2 0.336538 0.932692 0.091346 0.125
0 0.328125 0.807692 0.084135 0.096154
8 0.798077 0.923077 0.100962 0.125
0 0.78726 0.798077 0.088942 0.096154
