0 0.989271 0.738189 0.021459 0.074803
0 0.901287 0.641732 0.072962 0.074803
0 0.801502 0.637796 0.070816 0.066929
0 0.703862 0.552165 0.072962 0.064961
0 0.607296 0.637796 0.068669 0.066929
1 0.284334 0.936023 0.096566 0.084645
6 0.60515 0.552165 0.068669 0.068898
6 0.402361 0.353347 0.066523 0.072834
6 0.703862 0.456693 0.072962 0.070866
6 0.992489 0.353347 0.015022 0.072834
6 0.28648 0.345472 0.075108 0.068898
0 0.28648 0.738189 0.075108 0.059055
6 0.909872 0.447834 0.072962 0.068898
0 0.389485 0.630905 0.070816 0.064961
6 0.80794 0.545276 0.070816 0.070866
5 0.493562 0.83563 0.077253 0.088583
11 0.488198 0.442914 0.083691 0.074803
3 0.703862 0.838583 0.077253 0.082678
2 0.498927 0.930118 0.075108 0.080709
1 0.806867 0.940945 0.081545 0.082678
7 0.28648 0.242126 0.100859 0.102362
7 0.816523 0.242126 0.083691 0.094489
2 0.606223 0.731299 0.075108 0.072834
11 0.386266 0.448819 0.09442 0.066929
8 0.599786 0.353347 0.075108 0.080709
10 0.604077 0.246063 0.087983 0.102362
3 0.378756 0.737205 0.10515 0.061023
8 0.709228 0.354331 0.079399 0.082678
9 0.806867 0.346456 0.085837 0.098425
4 0.917382 0.935039 0.096566 0.094489
