7 0.082933 0.082933 0.112981 0.098558
11 0.66226 0.329327 0.084135 0.100962
0 0.082933 0.801683 0.088942 0.088942
7 0.913462 0.088942 0.115385 0.100962
4 0.323317 0.929087 0.103365 0.141826
6 0.91226 0.210337 0.079327 0.079327
6 0.091346 0.209135 0.086538 0.086538
8 0.669471 0.094952 0.098558 0.088942
6 0.78726 0.209135 0.074519 0.081731
6 0.213942 0.201923 0.076923 0.081731
6 0.329327 0.205529 0.076923 0.084135
0 0.328125 0.685096 0.084135 0.091346
0 0.794471 0.574519 0.084135 0.081731
3 0.19351 0.671875 0.122596 0.098558
1 0.795673 0.810096 0.096154 0.125
6 0.671875 0.211538 0.074519 0.081731
10 0.673077 0.692308 0.096154 0.134615
0 0.670673 0.807692 0.081731 0.096154
2 0.667067 0.933894 0.088942 0.122596
2 0.795673 0.438702 0.091346 0.088942
9 0.441106 0.085337 0.098558 0.103365
8 0.199519 0.919471 0.096154 0.122596
0 0.21274 0.799279 0.088942 0.098558
