1 0.311523 0.059024 0.119831 0.118047
1 0.920421 0.936735 0.148892 0.126529
0 0.041726 0.863898 0.083452 0.120874
0 0.157042 0.876015 0.10791 0.116347
0 0.291506 0.854823 0.101674 0.104922
0 0.557692 0.710539 0.094874 0.104937
0 0.667868 0.834121 0.115476 0.123737
0 0.799301 0.836956 0.108705 0.107451
0 0.935542 0.815969 0.128915 0.104098
3 0.561648 0.430858 0.107444 0.14985
11 0.875841 0.033313 0.116142 0.066625
8 0.733291 0.038311 0.128487 0.076622
7 0.961928 0.024992 0.076143 0.049985
5 0.320923 0.334878 0.137341 0.141819
4 0.527202 0.963052 0.115296 0.073896
9 0.16652 0.068914 0.142341 0.137829
6 0.044543 0.357162 0.089087 0.109268
6 0.178484 0.485543 0.093375 0.104278
6 0.586212 0.169242 0.089518 0.121137
6 0.966334 0.102385 0.067331 0.134589
6 0.833786 0.425174 0.114891 0.10682
