0 0.527666 0.47837 0.103683 0.100349
0 0.92421 0.743861 0.116653 0.115078
0 0.646367 0.601565 0.087929 0.098989
0 0.777092 0.618961 0.102722 0.102174
0 0.414583 0.599729 0.083662 0.090282
1 0.183264 0.951416 0.088866 0.097167
6 0.075027 0.208265 0.078418 0.100611
11 0.183553 0.333963 0.108896 0.121861
6 0.798936 0.331427 0.099885 0.117668
6 0.659646 0.46888 0.10113 0.101544
6 0.948602 0.170568 0.102795 0.12339
9 0.545188 0.060069 0.121466 0.120138
7 0.300719 0.063552 0.11808 0.127103
2 0.413398 0.325982 0.101408 0.105452
6 0.535019 0.349839 0.107566 0.092976
4 0.64553 0.966232 0.109677 0.067535
