8 0.689904 0.079327 0.100962 0.115385
10 0.561298 0.069712 0.103365 0.134615
7 0.075721 0.066106 0.122596 0.127404
6 0.564904 0.209135 0.086538 0.086538
6 0.438702 0.206731 0.084135 0.096154
6 0.326923 0.210337 0.081731 0.084135
6 0.204327 0.204327 0.100962 0.091346
1 0.938702 0.929087 0.117788 0.122596
3 0.820913 0.932692 0.098558 0.129808
2 0.685096 0.926683 0.091346 0.112981
2 0.324519 0.932692 0.096154 0.105769
3 0.209135 0.94351 0.096154 0.11298
0 0.450721 0.804087 0.084135 0.09375
0 0.328125 0.811298 0.088942 0.088942
0 0.209135 0.813702 0.091346 0.088942
0 0.081731 0.813702 0.091346 0.084135
