7 0.913462 0.078125 0.105769 0.108173
11 0.336538 0.325721 0.076923 0.093750
1 0.084135 0.931490 0.096154 0.132212
0 0.917067 0.801683 0.088942 0.093750
5 0.448317 0.933894 0.098558 0.132212
6 0.087740 0.211538 0.079327 0.076923
11 0.669471 0.334135 0.079327 0.105769
8 0.330529 0.090144 0.093750 0.088942
2 0.685096 0.930288 0.091346 0.125000
0 0.094952 0.695913 0.088942 0.084135
7 0.085337 0.088942 0.112981 0.100962
0 0.445913 0.798077 0.079327 0.091346
4 0.562500 0.926683 0.091346 0.137019
6 0.908654 0.209135 0.086538 0.086538
8 0.212740 0.562500 0.103365 0.096154
0 0.542067 0.560096 0.079327 0.081731
6 0.784856 0.204327 0.074519 0.081731
6 0.670673 0.203125 0.076923 0.084135
0 0.209135 0.801683 0.081731 0.088942
10 0.443510 0.092548 0.098558 0.108173
6 0.213942 0.205529 0.076923 0.084135
6 0.328125 0.212740 0.074519 0.084135
6 0.441106 0.209135 0.074519 0.086538
6 0.556490 0.442308 0.079327 0.086538
3 0.318510 0.687500 0.084135 0.110577
1 0.919471 0.925481 0.103365 0.139423
0 0.328125 0.807692 0.079327 0.091346
0 0.786058 0.793269 0.086538 0.096154
0 0.669471 0.682692 0.084135 0.091346
3 0.557692 0.814904 0.086538 0.134615
2 0.330529 0.935096 0.093750 0.129808
9 0.562500 0.087740 0.091346 0.112981
