1 0.271206 0.194318 0.095982 0.120455
1 0.835938 0.976137 0.113839 0.047727
0 0.168527 0.667046 0.078125 0.079546
0 0.28125 0.892046 0.084821 0.084091
0 0.052456 0.876137 0.091518 0.079546
0 0.498884 0.782955 0.082589 0.088636
0 0.607143 0.9 0.084821 0.086363
0 0.719866 0.902273 0.082589 0.086363
0 0.835938 0.903409 0.095982 0.079546
3 0.282366 0.419319 0.087054 0.115909
11 0.735491 0.193182 0.091518 0.118182
8 0.719866 0.314773 0.095982 0.102273
7 0.837054 0.194318 0.107143 0.120455
5 0.049107 0.196591 0.098214 0.125
4 0.498884 0.980682 0.100446 0.038636
9 0.271206 0.560227 0.095982 0.097727
6 0.053572 0.4375 0.084821 0.079546
6 0.174107 0.556818 0.080357 0.081818
6 0.503349 0.327273 0.082589 0.090909
6 0.727679 0.552273 0.080357 0.086363
6 0.835938 0.305682 0.087054 0.088636
