0 0.929703 0.630549 0.073267 0.096605
11 0.452475 0.116188 0.069307 0.112271
4 0.732674 0.77154 0.087128 0.148825
6 0.247524 0.015666 0.067327 0.031331
8 0.543564 0.02611 0.077228 0.05222
6 0.922772 0.016971 0.071287 0.033943
6 0.350495 0.015666 0.063366 0.031332
6 0.821782 0.013055 0.067327 0.02611
6 0.725742 0.013055 0.065347 0.02611
0 0.345545 0.387728 0.069307 0.091384
6 0.445545 0.018277 0.063366 0.036553
3 0.837623 0.485639 0.10297 0.109661
0 0.727723 0.506527 0.069307 0.104439
1 0.341584 0.643603 0.081188 0.133159
0 0.445545 0.637075 0.067327 0.104439
10 0.544554 0.77154 0.075247 0.148825
2 0.343564 0.238904 0.077228 0.096605
2 0.449505 0.770235 0.071287 0.13577
0 0.822773 0.622715 0.077228 0.101828
