11 0.321781 0.324274 0.105821 0.143264
7 0.988814 0.017013 0.022372 0.034026
0 0.963886 0.843737 0.072228 0.108093
1 0.04087 0.984057 0.081739 0.031885
0 0.171504 0.632191 0.107226 0.127164
6 0.034236 0.210279 0.068472 0.106224
4 0.568199 0.961727 0.118222 0.076545
7 0.047105 0.06474 0.094211 0.12948
2 0.714294 0.957957 0.141967 0.084087
8 0.324033 0.050702 0.129463 0.101405
0 0.045042 0.781191 0.090084 0.100172
6 0.87266 0.136798 0.120924 0.120952
6 0.980068 0.135969 0.039865 0.12534
0 0.712735 0.725188 0.101727 0.120712
6 0.737286 0.145631 0.102303 0.111388
6 0.176513 0.194955 0.110186 0.12232
0 0.442647 0.589908 0.104406 0.112232
6 0.309722 0.186116 0.09563 0.109375
6 0.582789 0.449144 0.106857 0.110096
8 0.166648 0.328458 0.123925 0.119181
1 0.853768 0.95097 0.109489 0.09806
10 0.307792 0.623771 0.111812 0.131504
3 0.578304 0.878953 0.089664 0.154078
0 0.311503 0.884214 0.100711 0.123436
5 0.443423 0.891637 0.117272 0.154986
0 0.844134 0.840275 0.122581 0.109949
9 0.611241 0.040781 0.139678 0.081561
2 0.312531 0.979628 0.109751 0.040744
