7 0.762438 0.103556 0.106965 0.094142
11 0.166666 0.319038 0.079602 0.08159
11 0.512438 0.323222 0.084577 0.094142
0 0.767413 0.731172 0.09204 0.08159
5 0.27985 0.84728 0.097015 0.112971
4 0.400498 0.843097 0.094527 0.117154
2 0.523631 0.843097 0.092039 0.104602
8 0.159204 0.114017 0.089552 0.077406
6 0.758707 0.217574 0.089552 0.075313
0 0.27985 0.732218 0.08209 0.079498
6 0.631841 0.212343 0.079602 0.073222
0 0.379353 0.523012 0.08209 0.07113
6 0.15796 0.221757 0.077114 0.07113
0 0.038557 0.733264 0.077115 0.077406
6 0.038557 0.216527 0.077114 0.073222
3 0.149254 0.633891 0.089552 0.096234
10 0.273632 0.109833 0.094527 0.08159
6 0.512438 0.214435 0.084577 0.073222
6 0.395522 0.420502 0.084577 0.075313
8 0.513682 0.109833 0.10199 0.08159
1 0.771144 0.839958 0.109452 0.119247
6 0.274876 0.217574 0.077114 0.075313
0 0.633085 0.725941 0.092039 0.083682
0 0.517413 0.730126 0.084577 0.079498
0 0.159204 0.738493 0.084577 0.079498
9 0.396766 0.114017 0.10199 0.085774
3 0.395522 0.74477 0.089552 0.117154
2 0.165423 0.851464 0.097015 0.108787
