7 0.018608 0.015416 0.037215 0.030831
7 0.961525 0.046755 0.076951 0.09351
6 0.700596 0.178784 0.108454 0.127867
6 0.834238 0.179257 0.09631 0.127279
6 0.954204 0.185436 0.091592 0.126172
1 0.946114 0.971484 0.107773 0.057032
1 0.058644 0.988156 0.117289 0.023687
0 0.706895 0.880249 0.09085 0.102684
0 0.822265 0.868762 0.090159 0.093523
0 0.952677 0.87338 0.094646 0.095952
2 0.331336 0.980027 0.116924 0.039946
2 0.712974 0.973591 0.119819 0.052818
8 0.261269 0.035189 0.125895 0.070378
8 0.708258 0.041467 0.120082 0.082935
3 0.174687 0.983098 0.12152 0.033804
3 0.834437 0.970695 0.103636 0.05861
11 0.851236 0.044916 0.120302 0.089831
11 0.109811 0.023535 0.144764 0.047069
10 0.431608 0.037835 0.1205 0.075669
9 0.561906 0.039697 0.126319 0.079393
5 0.451708 0.980644 0.124062 0.038712
4 0.58708 0.978565 0.103581 0.042871
6 0.030888 0.137251 0.061777 0.134164
6 0.138581 0.153294 0.11429 0.13803
6 0.28765 0.16113 0.132967 0.122462
6 0.436335 0.163834 0.104031 0.13518
6 0.55864 0.173223 0.109084 0.117018
0 0.050467 0.891769 0.100934 0.098041
0 0.190016 0.887381 0.114372 0.115116
0 0.31745 0.893539 0.114746 0.101784
0 0.450441 0.872165 0.122455 0.102311
0 0.590814 0.891001 0.112505 0.098371
