1 0.294281 0.063762 0.125606 0.127523
1 0.927818 0.943152 0.144364 0.113696
0 0.066779 0.804611 0.10832 0.095854
0 0.193485 0.818376 0.104597 0.110775
0 0.307435 0.81875 0.094165 0.090606
0 0.555051 0.705345 0.090245 0.109657
0 0.676397 0.830638 0.100048 0.103395
0 0.800518 0.835913 0.104301 0.121259
0 0.93491 0.836158 0.110719 0.105694
3 0.316732 0.313879 0.113217 0.154343
11 0.812291 0.069741 0.109605 0.139482
8 0.808722 0.188594 0.112013 0.134609
7 0.927522 0.06912 0.12871 0.13824
5 0.055473 0.067753 0.110946 0.135506
4 0.548283 0.949864 0.11483 0.100271
9 0.187213 0.327421 0.114056 0.125791
6 0.054819 0.327176 0.098967 0.116065
6 0.195541 0.460573 0.098691 0.101441
6 0.557318 0.207696 0.083968 0.10722
6 0.811052 0.456912 0.088136 0.100151
6 0.924214 0.186717 0.12125 0.118076
