0 0.024828 0.427112 0.049656 0.126768
0 0.069596 0.520957 0.127762 0.126768
0 0.162303 0.606621 0.125568 0.125568
0 0.410723 0.676351 0.123771 0.12397
0 0.417572 0.836853 0.125966 0.125171
0 0.506285 0.927007 0.125369 0.125767
0 0.60688 0.965712 0.140542 0.068577
3 0.577543 0.137893 0.154123 0.158099
3 0.419923 0.974473 0.145135 0.051054
11 0.969904 0.376155 0.060192 0.15411
11 0.417951 0.509064 0.132959 0.135146
8 0.638747 0.069851 0.149927 0.139703
8 0.907194 0.286297 0.153918 0.154912
5 0.160965 0.772711 0.159712 0.162694
4 0.239298 0.860067 0.153918 0.154912
9 0.736548 0.134537 0.166697 0.169282
6 0.377848 0.031292 0.127165 0.062585
6 0.396773 0.162104 0.121976 0.122373
6 0.737102 0.318395 0.129964 0.131355
6 0.81983 0.393575 0.130162 0.131156
6 0.91733 0.473849 0.128763 0.12916
6 0.975275 0.54035 0.049449 0.134351
