7 0.946143 0.045468 0.107714 0.090936
0 0.930693 0.796937 0.0836 0.109072
7 0.092048 0.056983 0.128719 0.113965
6 0.087735 0.186807 0.083939 0.106403
6 0.941658 0.167112 0.094382 0.09426
8 0.219746 0.448991 0.112393 0.113917
6 0.709283 0.172728 0.097675 0.090574
6 0.824777 0.164653 0.076638 0.096324
6 0.231287 0.183831 0.098595 0.112883
10 0.574321 0.846673 0.084052 0.169243
6 0.351083 0.190658 0.089904 0.094056
0 0.69615 0.69639 0.100511 0.105631
4 0.830882 0.70043 0.120862 0.149652
9 0.59916 0.051355 0.103657 0.10271
2 0.222215 0.610243 0.11092 0.117877
0 0.812233 0.806777 0.087227 0.113287
