0 0.557692 0.453125 0.081731 0.084135
1 0.090144 0.917067 0.117788 0.103365
0 0.668269 0.554087 0.081731 0.084135
0 0.908654 0.675481 0.086538 0.086538
0 0.777644 0.560096 0.079327 0.081731
8 0.341346 0.084135 0.086538 0.115385
0 0.216346 0.435096 0.076923 0.081731
0 0.096154 0.438702 0.086538 0.079327
0 0.449519 0.552885 0.076923 0.081731
11 0.316106 0.563702 0.103365 0.074519
6 0.784856 0.320913 0.079327 0.079327
6 0.557692 0.336538 0.081731 0.081731
6 0.675481 0.441106 0.076923 0.084135
6 0.909856 0.207933 0.084135 0.088942
6 0.447115 0.450721 0.076923 0.079327
7 0.08774 0.069712 0.108173 0.110577
1 0.669471 0.917067 0.09375 0.103365
3 0.555288 0.794471 0.086538 0.098558
8 0.563702 0.204327 0.079327 0.100962
6 0.092548 0.197115 0.09375 0.091346
2 0.211538 0.796875 0.086538 0.103365
11 0.210337 0.070913 0.088942 0.122596
7 0.68149 0.069712 0.09375 0.115385
2 0.448317 0.667067 0.084135 0.088942
4 0.792067 0.91226 0.108173 0.117788
9 0.447115 0.075721 0.091346 0.127404
6 0.221154 0.207933 0.076923 0.088942
3 0.19351 0.674279 0.117788 0.084135
