1 0.060096 0.927885 0.115385 0.120192
3 0.78726 0.94351 0.088942 0.11298
2 0.31851 0.319712 0.098558 0.096154
5 0.429087 0.927885 0.103365 0.125
4 0.539663 0.939904 0.103365 0.120192
0 0.91226 0.816106 0.103365 0.084135
0 0.788462 0.8125 0.086538 0.086538
0 0.673077 0.811298 0.091346 0.09375
0 0.551683 0.692308 0.088942 0.091346
0 0.314904 0.802885 0.091346 0.086538
6 0.429087 0.438702 0.088942 0.09375
6 0.554087 0.210337 0.084135 0.09375
6 0.66226 0.209135 0.084135 0.086538
6 0.78726 0.207933 0.084135 0.09375
7 0.913462 0.066106 0.115385 0.127404
7 0.085337 0.06851 0.112981 0.122596
8 0.316106 0.081731 0.098558 0.110577
8 0.66226 0.069712 0.098558 0.115385
11 0.804087 0.064904 0.09375 0.125
9 0.554087 0.067308 0.098558 0.129808
10 0.429087 0.191106 0.098558 0.117788
11 0.426683 0.545673 0.09375 0.100962
6 0.913462 0.179087 0.091346 0.088942
6 0.19351 0.304087 0.084135 0.084135
6 0.06851 0.205529 0.09375 0.09375
2 0.664663 0.5625 0.103365 0.100962
0 0.069712 0.78726 0.100962 0.103365
0 0.19351 0.804087 0.09375 0.098558
3 0.31851 0.679087 0.09375 0.103365
1 0.91226 0.930288 0.117788 0.110577
