7 0.96089 0.070267 0.078221 0.140534
11 0.327432 0.337366 0.088384 0.114852
0 0.933819 0.93204 0.106217 0.114435
1 0.067497 0.968827 0.103076 0.062347
5 0.433569 0.983529 0.100155 0.032942
6 0.062184 0.192209 0.098067 0.112596
8 0.326117 0.055566 0.118211 0.111133
2 0.683093 0.991717 0.112424 0.016566
11 0.441787 0.493631 0.117175 0.114604
4 0.551829 0.982556 0.104109 0.034889
0 0.070478 0.754381 0.102276 0.104708
7 0.062867 0.054657 0.125734 0.109314
0 0.546337 0.630538 0.105227 0.093919
6 0.950672 0.225654 0.098656 0.125106
0 0.436872 0.891988 0.089082 0.117202
6 0.831877 0.213167 0.108722 0.117142
6 0.194207 0.201555 0.081189 0.119353
0 0.187721 0.883592 0.096675 0.102841
6 0.701045 0.205572 0.087073 0.121217
0 0.308488 0.894776 0.099534 0.12195
0 0.671646 0.789053 0.106175 0.130879
10 0.452581 0.064665 0.119526 0.12933
6 0.571329 0.492591 0.100555 0.12984
6 0.325612 0.199709 0.082579 0.112932
8 0.069419 0.462852 0.118565 0.1054
3 0.548732 0.915698 0.114945 0.16568
0 0.803424 0.919839 0.106793 0.123597
2 0.315999 0.976241 0.091005 0.047519
9 0.578874 0.0675 0.108105 0.135
