1 0.939904 0.070913 0.115385 0.117788
1 0.086538 0.070913 0.125 0.112981
0 0.93149 0.210337 0.098558 0.103365
0 0.805288 0.198317 0.096154 0.09375
0 0.682692 0.197115 0.086538 0.096154
0 0.451923 0.311298 0.086538 0.098558
0 0.332933 0.1875 0.09375 0.091346
0 0.21274 0.183894 0.09375 0.084135
0 0.08774 0.182692 0.09375 0.100962
3 0.335337 0.314904 0.09375 0.110577
11 0.197115 0.933894 0.096154 0.127404
2 0.930288 0.915865 0.105769 0.120192
8 0.68149 0.933894 0.088942 0.127404
8 0.323317 0.939904 0.098558 0.115385
7 0.08774 0.933894 0.122596 0.127404
5 0.680288 0.682692 0.100962 0.110577
4 0.455529 0.0625 0.103365 0.125
9 0.807692 0.930288 0.110577 0.134615
6 0.930288 0.674279 0.091346 0.084135
6 0.805288 0.683894 0.096154 0.088942
6 0.439904 0.793269 0.086538 0.096154
6 0.448317 0.548077 0.084135 0.086538
6 0.210337 0.795673 0.09375 0.096154
6 0.086538 0.816106 0.091346 0.09375
