1 0.927885 0.924279 0.110577 0.103365
0 0.090144 0.800481 0.093750 0.081731
0 0.210337 0.796875 0.079327 0.079327
1 0.086538 0.919471 0.110577 0.103365
0 0.911058 0.786058 0.086538 0.081731
0 0.439904 0.674279 0.081731 0.084135
3 0.788462 0.926683 0.081731 0.122596
0 0.671875 0.792067 0.079327 0.079327
0 0.324519 0.792067 0.081731 0.084135
6 0.914663 0.206731 0.084135 0.091346
0 0.776442 0.781250 0.076923 0.081731
0 0.560096 0.563702 0.081731 0.079327
6 0.447115 0.205529 0.076923 0.088942
6 0.219952 0.205529 0.074519 0.088942
8 0.337740 0.069712 0.088942 0.115385
6 0.090144 0.195913 0.084135 0.084135
6 0.328125 0.200721 0.079327 0.084135
6 0.557692 0.331731 0.081731 0.086538
7 0.087740 0.064904 0.108173 0.125000
6 0.786058 0.205529 0.076923 0.088942
11 0.801683 0.068510 0.079327 0.132212
8 0.683894 0.069712 0.088942 0.115385
6 0.681490 0.211538 0.074519 0.081731
2 0.669471 0.909856 0.084135 0.103365
3 0.215144 0.926683 0.079327 0.117788
2 0.328125 0.909856 0.084135 0.098558
4 0.557692 0.930288 0.081731 0.120192
11 0.210337 0.070913 0.084135 0.132212
7 0.919471 0.069712 0.103365 0.115385
5 0.448317 0.911058 0.103365 0.105769
10 0.447115 0.074519 0.091346 0.125000
9 0.558894 0.070913 0.088942 0.127404
