6 0.471875 0.33671875 0.06875 0.06015625
6 0.7734375 0.6953125 0.08203125 0.06015625
6 0.77890625 0.77890625 0.08984375 0.065625
4 0.25703125 0.625 0.0875 0.05234375
9 0.88515625 0.70546875 0.1203125 0.059375
0 0.77109375 0.55390625 0.07578125 0.053125
0 0.26796875 0.69609375 0.07578125 0.05234375
0 0.36328125 0.7796875 0.06875 0.05703125
1 0.7640625 0.39921875 0.0921875 0.06953125
7 0.87265625 0.5453125 0.10625 0.05234375
2 0.1640625 0.41171875 0.08984375 0.07109375
11 0.1625 0.54921875 0.09765625 0.06328125
