11 0.548055 0.528103 0.080092 0.096019
6 0.311213 0.414519 0.077803 0.074941
0 0.422197 0.76815 0.080092 0.079625
8 0.54119 0.300937 0.093822 0.086651
7 0.307781 0.293911 0.107552 0.100702
0 0.318078 0.885246 0.082379 0.084309
6 0.969108 0.405152 0.061785 0.079626
6 0.429061 0.412178 0.070938 0.079626
6 0.863844 0.407494 0.075515 0.079625
3 0.970251 0.862998 0.059497 0.096019
0 0.863844 0.875878 0.075515 0.088993
10 0.53318 0.769321 0.091533 0.100702
6 0.540046 0.414519 0.06865 0.079626
0 0.536613 0.973068 0.080092 0.053864
9 0.758581 0.293911 0.089245 0.100702
0 0.966819 0.968384 0.066361 0.063232
