1 0.76834 0.942348 0.088803 0.090146
0 0.09556 0.834382 0.07529 0.071279
0 0.192085 0.831237 0.063707 0.069182
1 0.092664 0.938155 0.088803 0.090146
0 0.754827 0.821803 0.069498 0.071279
0 0.376448 0.724319 0.065637 0.073376
3 0.656371 0.944445 0.065637 0.106918
0 0.562741 0.827044 0.063707 0.069182
0 0.283784 0.827044 0.065637 0.073376
6 0.757722 0.316562 0.067568 0.079664
0 0.646718 0.81761 0.061776 0.071279
0 0.472973 0.627883 0.065637 0.069183
6 0.382239 0.315514 0.061776 0.077568
6 0.199807 0.315514 0.059845 0.077568
8 0.294401 0.197065 0.071428 0.100629
6 0.09556 0.307127 0.067568 0.073376
6 0.28668 0.311321 0.063707 0.073376
6 0.471042 0.425577 0.065637 0.075471
7 0.093629 0.192872 0.086873 0.109015
6 0.65444 0.315514 0.061776 0.077568
11 0.666989 0.196017 0.063707 0.115304
8 0.572394 0.197065 0.071428 0.100629
6 0.570463 0.320754 0.059845 0.071279
2 0.560811 0.92977 0.067568 0.090146
3 0.195946 0.944445 0.063707 0.102725
2 0.28668 0.92977 0.067568 0.085954
4 0.471042 0.947589 0.065637 0.104821
11 0.192085 0.198113 0.067568 0.115304
7 0.761583 0.197065 0.083011 0.100629
5 0.383204 0.930818 0.083011 0.092243
10 0.382239 0.201258 0.073359 0.109015
9 0.472008 0.198113 0.071428 0.111111
