1 0.09014423076923077 0.9170673076923077 0.10817307692307693 0.10336538461538461
0 0.09254807692307693 0.7980769230769231 0.09375 0.08173076923076923
0 0.21394230769230768 0.796875 0.07692307692307693 0.07932692307692307
0 0.9098557692307693 0.7848557692307693 0.08413461538461539 0.07932692307692307
3 0.7848557692307693 0.9278846153846154 0.07932692307692307 0.1201923076923077
0 0.7764423076923077 0.7788461538461539 0.07692307692307693 0.08173076923076923
0 0.43990384615384615 0.6742788461538461 0.08173076923076923 0.08413461538461539
0 0.6742788461538461 0.7920673076923077 0.07932692307692307 0.07932692307692307
1 0.9242788461538461 0.921875 0.10817307692307693 0.10336538461538461
0 0.3245192307692308 0.7920673076923077 0.08173076923076923 0.08413461538461539
6 0.9122596153846154 0.20552884615384615 0.08413461538461539 0.0889423076923077
6 0.22115384615384615 0.20673076923076922 0.07692307692307693 0.08653846153846154
6 0.09375 0.19831730769230768 0.08173076923076923 0.08413461538461539
0 0.5600961538461539 0.5649038461538461 0.08173076923076923 0.08173076923076923
8 0.3389423076923077 0.0733173076923077 0.08653846153846154 0.11298076923076923
6 0.4362980769230769 0.44350961538461536 0.07451923076923077 0.07932692307692307
6 0.7860576923076923 0.20552884615384615 0.07692307692307693 0.08413461538461539
7 0.09134615384615384 0.06971153846153846 0.11057692307692307 0.11057692307692307
11 0.8016826923076923 0.07091346153846154 0.07932692307692307 0.13221153846153846
6 0.5588942307692307 0.3329326923076923 0.07932692307692307 0.08413461538461539
6 0.6814903846153846 0.21153846153846154 0.07451923076923077 0.08173076923076923
8 0.6838942307692307 0.07091346153846154 0.0889423076923077 0.11298076923076923
6 0.328125 0.20192307692307693 0.07451923076923077 0.08173076923076923
3 0.21754807692307693 0.9266826923076923 0.07932692307692307 0.11778846153846154
2 0.6706730769230769 0.9110576923076923 0.08653846153846154 0.10096153846153846
2 0.3293269230769231 0.9098557692307693 0.08173076923076923 0.0985576923076923
4 0.5600961538461539 0.9302884615384616 0.07692307692307693 0.1201923076923077
10 0.44711538461538464 0.07451923076923077 0.09134615384615384 0.1201923076923077
11 0.21394230769230768 0.0733173076923077 0.08653846153846154 0.12740384615384615
5 0.4495192307692308 0.9098557692307693 0.10096153846153846 0.10817307692307693
7 0.9206730769230769 0.07211538461538461 0.10096153846153846 0.11538461538461539
9 0.5600961538461539 0.07091346153846154 0.08653846153846154 0.14182692307692307
