7 0.81685 0.176703 0.081054 0.082897
11 0.373813 0.366444 0.060791 0.071844
0 0.819612 0.729347 0.068159 0.068159
1 0.181309 0.831586 0.073686 0.10316
5 0.458551 0.832507 0.071844 0.101318
6 0.184993 0.278942 0.062633 0.058949
8 0.37105 0.184071 0.073686 0.068159
2 0.639082 0.827903 0.068159 0.092107
11 0.453025 0.45671 0.071844 0.060791
4 0.547896 0.826981 0.070001 0.105002
0 0.189598 0.649214 0.068159 0.066317
7 0.18315 0.184993 0.088423 0.077371
0 0.532237 0.545132 0.060791 0.064475
6 0.813165 0.2771 0.066317 0.066317
0 0.458551 0.728426 0.060791 0.070001
6 0.719216 0.273416 0.058949 0.062633
6 0.279863 0.2771 0.057106 0.062633
0 0.278022 0.732111 0.064475 0.070002
6 0.630792 0.273416 0.058949 0.062633
0 0.366444 0.733952 0.060791 0.073686
0 0.62895 0.641845 0.062633 0.070001
1 0.729347 0.827903 0.075528 0.084739
10 0.455789 0.186835 0.073686 0.081054
6 0.54329 0.455789 0.064475 0.066317
6 0.368286 0.278942 0.057106 0.062633
8 0.187756 0.454868 0.082897 0.068159
3 0.54329 0.739479 0.064475 0.10316
0 0.721058 0.724742 0.070001 0.073686
2 0.370129 0.828824 0.060791 0.097634
9 0.546975 0.184993 0.068159 0.081054
