0 0.909856 0.675481 0.088942 0.091346
0 0.778846 0.557692 0.081731 0.091346
0 0.667067 0.552885 0.079327 0.081731
0 0.557692 0.448317 0.081731 0.079327
0 0.449519 0.552885 0.076923 0.081731
1 0.08774 0.917067 0.108173 0.103365
6 0.447115 0.448317 0.076923 0.084135
6 0.219952 0.205529 0.074519 0.088942
6 0.557692 0.331731 0.081731 0.086538
6 0.914663 0.205529 0.084135 0.088942
6 0.090144 0.195913 0.084135 0.084135
0 0.090144 0.675481 0.084135 0.072115
6 0.788462 0.320913 0.081731 0.084135
0 0.205529 0.544471 0.079327 0.079327
6 0.674279 0.439904 0.079327 0.086538
5 0.322115 0.794471 0.086538 0.108173
11 0.316106 0.314904 0.09375 0.091346
3 0.557692 0.798077 0.086538 0.100962
2 0.328125 0.909856 0.084135 0.098558
1 0.673077 0.923077 0.091346 0.100962
7 0.090144 0.069712 0.112981 0.125
7 0.683894 0.069712 0.09375 0.115385
2 0.448317 0.667067 0.084135 0.088942
11 0.201923 0.322115 0.105769 0.081731
8 0.441106 0.205529 0.084135 0.098558
10 0.445913 0.074519 0.098558 0.125
3 0.19351 0.674279 0.117788 0.074519
8 0.563702 0.206731 0.088942 0.100962
9 0.673077 0.197115 0.096154 0.120192
4 0.796875 0.915865 0.108173 0.115385
