7 0.914333 0.072248 0.121719 0.111973
11 0.325136 0.32724 0.094378 0.107199
1 0.064907 0.954545 0.116465 0.090911
0 0.952007 0.831585 0.09218 0.103171
4 0.584254 0.948396 0.109782 0.103208
5 0.460939 0.951101 0.112175 0.097798
0 0.453775 0.835792 0.097103 0.11017
11 0.680569 0.336001 0.087464 0.127129
0 0.079424 0.845445 0.10086 0.105592
6 0.058477 0.203868 0.087409 0.098438
2 0.715736 0.949303 0.114547 0.101393
6 0.916036 0.210072 0.08332 0.089214
7 0.060164 0.076486 0.120327 0.112429
8 0.310856 0.086563 0.110191 0.10322
0 0.55828 0.577277 0.096739 0.092795
6 0.672865 0.200284 0.086886 0.080258
6 0.186905 0.197797 0.086519 0.085749
6 0.791266 0.201304 0.085018 0.09333
6 0.313734 0.20887 0.090773 0.095805
8 0.195676 0.578758 0.123438 0.110556
0 0.6887 0.702088 0.090513 0.092607
0 0.20305 0.842664 0.105084 0.095314
10 0.428187 0.081912 0.101567 0.095942
6 0.558932 0.45218 0.101799 0.09633
6 0.436488 0.198082 0.086452 0.10424
0 0.324515 0.845707 0.09607 0.090829
3 0.321708 0.720606 0.110482 0.132381
1 0.951823 0.944121 0.096353 0.111758
0 0.809253 0.824341 0.097302 0.120687
3 0.577933 0.842462 0.098693 0.144976
9 0.555152 0.08433 0.098415 0.099586
2 0.336107 0.955798 0.108825 0.088404
