0 0.743902 0.431267 0.109755 0.091644
1 0.14939 0.947439 0.134146 0.105121
0 0.98628 0.55256 0.027439 0.097035
0 0.882622 0.544475 0.10061 0.091644
0 0.153963 0.41779 0.112805 0.091644
0 0.605183 0.544475 0.10061 0.086253
8 0.891768 0.943396 0.118902 0.113207
6 0.893293 0.419138 0.097561 0.09434
6 0.992378 0.284366 0.015243 0.09434
7 0.147865 0.033693 0.137195 0.067386
2 0.902439 0.037736 0.109756 0.075472
6 0.317073 0.154987 0.097561 0.09973
4 0.987805 0.942048 0.02439 0.115903
11 0.297256 0.032345 0.125 0.064691
6 0.743902 0.297844 0.103659 0.09434
6 0.150914 0.142858 0.118902 0.102426
9 0.603658 0.041779 0.115853 0.083557
