8 0.84140625 0.48671875 0.11640625 0.05625
6 0.48125 0.30703125 0.07578125 0.059375
6 0.58359375 0.39921875 0.07734375 0.0515625
6 0.7421875 0.47734375 0.08203125 0.05703125
6 0.62890625 0.60390625 0.075 0.05546875
6 0.68515625 0.784375 0.0796875 0.06484375
6 0.69765625 0.7328125 0.0828125 0.059375
4 0.14609375 0.78125 0.07109375 0.1078125
9 0.7921875 0.73984375 0.1140625 0.09375
0 0.27421875 0.296875 0.07734375 0.0578125
0 0.26171875 0.46171875 0.07265625 0.05703125
0 0.46640625 0.53984375 0.0640625 0.059375
0 0.55 0.61875 0.06328125 0.05859375
0 0.25546875 0.68359375 0.075 0.06640625
0 0.25625 0.75234375 0.0734375 0.065625
0 0.24609375 0.82421875 0.07265625 0.07265625
1 0.1453125 0.540625 0.08046875 0.07265625
1 0.1375 0.68984375 0.08046875 0.07890625
5 0.25703125 0.540625 0.0828125 0.0734375
7 0.87265625 0.334375 0.11171875 0.0609375
7 0.78984375 0.67265625 0.1046875 0.0703125
2 0.3796875 0.38984375 0.08046875 0.05859375
2 0.54140625 0.75 0.0890625 0.08671875
10 0.82734375 0.55 0.128125 0.06640625
11 0.67265625 0.475 0.09609375 0.06015625
