0 0.638977 0.445772 0.115015 0.060662
1 0.044728 0.804228 0.089456 0.079044
0 0.188498 0.435662 0.108627 0.0625
0 0.78754 0.525736 0.105431 0.0625
0 0.936102 0.53125 0.108627 0.066176
0 0.041533 0.438419 0.083067 0.060662
0 0.498402 0.527573 0.108626 0.0625
6 0.798722 0.440258 0.102236 0.064339
6 0.638977 0.360294 0.108627 0.0625
6 0.332268 0.529412 0.102236 0.058824
1 0.79393 0.808824 0.11821 0.077206
6 0.947285 0.349264 0.105431 0.066176
3 0.324282 0.620405 0.130991 0.064339
7 0.046326 0.152574 0.092651 0.095588
7 0.806709 0.155331 0.124601 0.090073
4 0.944089 0.803309 0.111821 0.091912
11 0.174122 0.155331 0.130991 0.082721
8 0.65016 0.259191 0.11821 0.07353
6 0.038339 0.252757 0.076677 0.064339
8 0.490416 0.26011 0.11821 0.075368
9 0.49361 0.157169 0.124601 0.104779
3 0.485623 0.710478 0.134186 0.060662
2 0.182108 0.716912 0.127796 0.07353
6 0.196486 0.262868 0.111822 0.066176
