1 0.070248 0.932866 0.129477 0.102204
1 0.990358 0.933867 0.019284 0.096193
0 0.081268 0.815632 0.112948 0.072144
0 0.225896 0.826654 0.104683 0.074148
0 0.367769 0.827656 0.107438 0.072144
0 0.633609 0.730461 0.104683 0.074148
0 0.77135 0.835671 0.104683 0.076152
0 0.906337 0.836673 0.104683 0.074148
0 1.0 0.837675 0.0 0.076152
3 0.486226 0.522044 0.101928 0.09018
3 0.903582 0.943888 0.104683 0.096193
11 0.362259 0.410822 0.107438 0.096193
11 0.92011 0.211423 0.115703 0.102204
2 0.07989 0.228457 0.126722 0.104208
2 0.359504 0.320642 0.118457 0.092184
8 0.360882 0.222445 0.110193 0.1002
8 0.761708 0.216433 0.118457 0.096193
7 0.991735 0.210421 0.016529 0.1002
5 0.497245 0.934869 0.112948 0.106213
4 0.621212 0.941884 0.118457 0.1002
9 0.502755 0.216433 0.112948 0.112224
10 0.502755 0.322645 0.112948 0.104208
6 0.998623 0.309619 0.002754 0.078156
6 0.907713 0.332666 0.107438 0.084169
6 0.772727 0.331664 0.096419 0.074148
6 0.639118 0.329659 0.099173 0.078156
6 0.227272 0.420842 0.096419 0.068136
6 0.086777 0.329659 0.118457 0.074148
