0 0.507687 0.423727 0.112236 0.112006
0 0.658175 0.424576 0.113762 0.113877
0 0.499223 0.573106 0.112006 0.112236
0 0.742251 0.352592 0.120327 0.120903
0 0.919329 0.346688 0.123954 0.124069
0 0.241036 0.814366 0.119031 0.118801
6 0.430549 0.341177 0.115519 0.115519
6 0.603509 0.033172 0.122313 0.066344
6 0.426894 0.499223 0.112006 0.112236
6 0.095974 0.477803 0.115173 0.115864
6 0.588006 0.337159 0.113647 0.113993
6 0.588437 0.173901 0.117044 0.11739
11 0.163393 0.571078 0.144916 0.14388
5 0.571193 0.833209 0.137084 0.138121
1 0.912853 0.688319 0.14411 0.144686
2 0.654363 0.913412 0.128764 0.129455
3 0.744844 0.677523 0.13052 0.131095
11 0.030365 0.40775 0.06073 0.149725
0 0.247556 0.647063 0.113762 0.113877
8 0.345494 0.241351 0.132276 0.132737
2 0.577181 0.656534 0.123954 0.124069
4 0.960148 0.601925 0.079705 0.156634
6 0.02871 0.55864 0.05742 0.120672
9 0.248258 0.149617 0.15842 0.160954
8 0.256797 0.324233 0.13052 0.131095
10 0.080479 0.304598 0.160959 0.165417
7 0.341404 0.06974 0.155484 0.139481
3 0.392474 0.837356 0.141864 0.140137
