1 0.088261 0.93753 0.138649 0.106514
0 0.093042 0.811847 0.114882 0.089535
0 0.453154 0.801955 0.088311 0.083575
1 0.966865 0.930376 0.06627 0.13006
0 0.222469 0.810849 0.092063 0.082882
0 0.953369 0.782688 0.093262 0.081648
0 0.333678 0.807419 0.090023 0.091537
6 0.431378 0.187187 0.103172 0.094302
0 0.704683 0.795836 0.087455 0.084284
3 0.834921 0.935787 0.091885 0.128425
0 0.820879 0.774672 0.084065 0.08669
0 0.571909 0.557068 0.105799 0.096515
6 0.68772 0.182502 0.091948 0.091103
6 0.937467 0.182508 0.102026 0.091677
6 0.183871 0.195786 0.095188 0.094379
6 0.548363 0.182733 0.103377 0.096881
6 0.30018 0.18457 0.094253 0.093683
6 0.051612 0.188134 0.103224 0.101357
6 0.794127 0.179932 0.101386 0.09828
7 0.052381 0.059824 0.104761 0.119648
11 0.802901 0.056418 0.10499 0.112836
8 0.304154 0.057638 0.11933 0.115276
2 0.342733 0.931621 0.104871 0.110207
2 0.710083 0.916823 0.094249 0.114696
8 0.67815 0.052693 0.099001 0.105386
3 0.228311 0.939784 0.091939 0.120432
4 0.599114 0.933639 0.109179 0.131401
11 0.169695 0.06459 0.104894 0.129181
7 0.935494 0.051293 0.129012 0.102586
10 0.421673 0.060149 0.108252 0.120297
5 0.473021 0.928876 0.111224 0.142247
9 0.545558 0.059156 0.121363 0.118312
