1 0.08774 0.917067 0.108173 0.103365
0 0.092548 0.798077 0.09375 0.081731
0 0.213942 0.796875 0.081731 0.079327
0 0.557692 0.449519 0.081731 0.076923
0 0.77524 0.778846 0.079327 0.081731
0 0.911058 0.786058 0.086538 0.081731
6 0.91226 0.205529 0.084135 0.088942
6 0.219952 0.205529 0.074519 0.088942
1 0.927885 0.921875 0.110577 0.103365
0 0.674279 0.793269 0.079327 0.076923
0 0.320913 0.667067 0.079327 0.079327
6 0.557692 0.334135 0.081731 0.086538
6 0.786058 0.205529 0.076923 0.079327
6 0.442308 0.546875 0.072115 0.079327
8 0.338942 0.070913 0.086538 0.112981
6 0.68149 0.210337 0.074519 0.084135
7 0.917067 0.070913 0.103365 0.112981
2 0.328125 0.911058 0.084135 0.100962
6 0.092548 0.199519 0.084135 0.086538
11 0.438702 0.205529 0.088942 0.09375
7 0.090144 0.069712 0.112981 0.125
6 0.447115 0.451923 0.081731 0.081731
5 0.448317 0.913462 0.084135 0.120192
11 0.316106 0.316106 0.09375 0.09375
10 0.447115 0.073317 0.091346 0.122596
8 0.669471 0.069712 0.088942 0.115385
3 0.449519 0.800481 0.081731 0.091346
3 0.555288 0.796875 0.081731 0.09375
4 0.555288 0.924279 0.086538 0.122596
2 0.448317 0.667067 0.084135 0.088942
9 0.55649 0.072115 0.09375 0.139423
