7 0.917067 0.081731 0.112981 0.100962
0 0.917067 0.802885 0.088942 0.091346
6 0.908654 0.209135 0.086538 0.086538
7 0.08774 0.088942 0.112981 0.100962
6 0.088942 0.210337 0.081731 0.079327
8 0.216346 0.436298 0.096154 0.09375
0 0.667067 0.55649 0.088942 0.088942
6 0.213942 0.209135 0.076923 0.081731
6 0.669471 0.203125 0.079327 0.084135
6 0.786058 0.200721 0.076923 0.079327
10 0.552885 0.810096 0.086538 0.134615
6 0.329327 0.211538 0.076923 0.081731
9 0.561298 0.08774 0.098558 0.103365
2 0.211538 0.581731 0.096154 0.091346
0 0.789663 0.799279 0.09375 0.098558
4 0.799279 0.69351 0.122596 0.127404
