7 0.913462 0.078125 0.105769 0.108173
11 0.335337 0.325721 0.079327 0.093750
0 0.917067 0.799279 0.088942 0.088942
1 0.084135 0.932692 0.096154 0.134615
2 0.683894 0.927885 0.088942 0.120192
5 0.445913 0.933894 0.093750 0.132212
6 0.088942 0.211538 0.081731 0.076923
0 0.205529 0.573317 0.088942 0.088942
7 0.085337 0.088942 0.112981 0.100962
4 0.562500 0.927885 0.091346 0.134615
0 0.094952 0.697115 0.088942 0.086538
6 0.908654 0.209135 0.086538 0.086538
0 0.445913 0.798077 0.079327 0.091346
6 0.786058 0.201923 0.076923 0.081731
0 0.668269 0.685096 0.081731 0.091346
8 0.332933 0.097356 0.098558 0.088942
6 0.212740 0.209135 0.074519 0.081731
6 0.669471 0.206731 0.079327 0.081731
10 0.433894 0.444712 0.088942 0.091346
0 0.329327 0.804087 0.081731 0.093750
1 0.799279 0.927885 0.098558 0.110577
6 0.328125 0.210337 0.074519 0.084135
6 0.557692 0.444712 0.076923 0.081731
8 0.093750 0.442308 0.110577 0.086538
3 0.558894 0.814904 0.088942 0.134615
2 0.330529 0.929087 0.079327 0.127404
0 0.788462 0.793269 0.091346 0.096154
9 0.561298 0.087740 0.098558 0.108173
