2 0.36640625 0.28125 0.065625 0.08203125
6 0.45078125 0.4296875 0.06796875 0.05546875
6 0.646875 0.50078125 0.07265625 0.05859375
6 0.5578125 0.29375 0.06796875 0.06484375
6 0.64140625 0.22421875 0.07109375 0.06640625
6 0.7359375 0.365625 0.078125 0.06484375
6 0.76015625 0.65234375 0.0828125 0.06484375
6 0.7625 0.72421875 0.0875 0.065625
4 0.1265625 0.6609375 0.10390625 0.05390625
9 0.87734375 0.65234375 0.12734375 0.05625
0 0.27109375 0.21328125 0.07265625 0.0671875
0 0.371875 0.34921875 0.06640625 0.06328125
0 0.2609375 0.35390625 0.078125 0.065625
0 0.55703125 0.50703125 0.06640625 0.05
0 0.25625 0.57421875 0.07109375 0.05234375
0 0.25234375 0.65625 0.078125 0.05546875
0 0.23828125 0.74921875 0.075 0.06015625
1 0.1609375 0.19921875 0.08671875 0.08515625
1 0.1265625 0.57109375 0.1015625 0.05078125
5 0.25234375 0.41796875 0.0875 0.07421875
7 0.82890625 0.225 0.09609375 0.08203125
7 0.8515625 0.578125 0.1109375 0.0625
2 0.46015625 0.571875 0.07109375 0.053125
8 0.840625 0.36953125 0.1046875 0.06328125
10 0.8546875 0.43203125 0.1140625 0.0625
11 0.65859375 0.35703125 0.08671875 0.07265625
