0 0.133413 0.968182 0.09375 0.063636
0 0.254808 0.968182 0.076923 0.063636
0 0.950721 0.960606 0.084135 0.078788
0 0.817308 0.956061 0.076923 0.087879
0 0.480769 0.831818 0.081731 0.106061
0 0.715144 0.965152 0.079327 0.069697
0 0.365385 0.963636 0.081731 0.072727
6 0.953125 0.240909 0.084135 0.112121
6 0.262019 0.242424 0.076923 0.109091
6 0.134615 0.231818 0.081731 0.106061
0 0.600962 0.693939 0.081731 0.10303
8 0.379808 0.074242 0.086538 0.142424
6 0.477163 0.540909 0.074519 0.1
6 0.826923 0.240909 0.076923 0.106061
7 0.132212 0.069697 0.110577 0.139394
11 0.842548 0.077273 0.079327 0.154545
6 0.59976 0.401515 0.079327 0.106061
6 0.722356 0.248485 0.074519 0.10303
8 0.72476 0.071212 0.088942 0.142424
6 0.36899 0.236364 0.074519 0.10303
10 0.487981 0.075758 0.091346 0.151515
11 0.254808 0.077273 0.086538 0.154545
7 0.955529 0.072727 0.088942 0.145455
9 0.600962 0.080303 0.086538 0.160606
