0 0.968418 0.846633 0.063165 0.102161
7 0.918286 0.042496 0.141447 0.084992
8 0.158999 0.392025 0.145868 0.143142
10 0.386321 0.878679 0.129501 0.170802
6 0.925505 0.15702 0.099856 0.130647
6 0.802107 0.142397 0.08775 0.118761
6 0.666232 0.125591 0.106637 0.117749
6 0.092633 0.068175 0.129751 0.13635
6 0.25224 0.089727 0.120283 0.150017
0 0.732852 0.720006 0.102342 0.101174
3 0.638418 0.864207 0.141369 0.136378
2 0.18181 0.588962 0.130735 0.137282
4 0.868531 0.736324 0.141505 0.135857
9 0.519707 0.014794 0.141986 0.029588
0 0.861818 0.850037 0.110802 0.110902
