11 0.303034 0.343713 0.104103 0.130274
7 0.966372 0.04687 0.067255 0.093741
4 0.515296 0.972313 0.106312 0.055374
0 0.942856 0.929443 0.114288 0.117156
6 0.053161 0.230017 0.0794 0.099015
0 0.159826 0.606053 0.100641 0.093951
7 0.056981 0.089103 0.113963 0.1217
6 0.962835 0.194782 0.074329 0.120942
8 0.296478 0.078449 0.127439 0.109278
0 0.049179 0.72851 0.085255 0.123237
6 0.83309 0.191948 0.122799 0.104352
6 0.179834 0.21604 0.086242 0.098777
2 0.655191 0.984686 0.124605 0.030629
10 0.050144 0.86109 0.100289 0.138773
6 0.675493 0.1992 0.105827 0.105448
6 0.29122 0.22018 0.096372 0.110281
3 0.814295 0.764524 0.180599 0.132284
0 0.649407 0.767494 0.108868 0.112466
0 0.274754 0.865581 0.094421 0.125765
2 0.281198 0.962854 0.10555 0.074292
1 0.150635 0.856994 0.086181 0.122366
0 0.778488 0.899648 0.130454 0.131709
8 0.788232 0.983822 0.126259 0.032355
9 0.553353 0.062331 0.126368 0.124662
