7 0.917067 0.081731 0.112981 0.100962
0 0.917067 0.802885 0.088942 0.091346
0 0.664663 0.557692 0.084135 0.091346
8 0.216346 0.435096 0.100962 0.086538
6 0.088942 0.210337 0.081731 0.079327
7 0.088942 0.087740 0.115385 0.103365
6 0.907452 0.209135 0.088942 0.086538
6 0.212740 0.209135 0.074519 0.081731
10 0.555288 0.810096 0.091346 0.134615
6 0.663462 0.442308 0.076923 0.081731
6 0.782452 0.201923 0.079327 0.081731
6 0.328125 0.211538 0.074519 0.081731
4 0.927885 0.564904 0.134615 0.100962
9 0.560096 0.084135 0.100962 0.100962
2 0.212740 0.579327 0.088942 0.086538
0 0.787260 0.796875 0.088942 0.098558
