7 0.846618 0.195538 0.113527 0.107612
0 0.846618 0.96588 0.089372 0.068241
8 0.14372 0.581365 0.099034 0.097113
6 0.027778 0.334646 0.055555 0.086614
7 0.036232 0.200787 0.072464 0.11286
10 0.263285 0.958005 0.096619 0.08399
6 0.838164 0.333334 0.086956 0.094488
6 0.140096 0.333334 0.077295 0.089239
6 0.714976 0.325459 0.077295 0.089239
6 0.597826 0.329396 0.07971 0.091864
6 0.256039 0.335957 0.077295 0.089239
4 0.608695 0.96063 0.096619 0.07874
0 0.597826 0.851706 0.084542 0.097113
0 0.717392 0.961942 0.086956 0.076115
2 0.138889 0.737533 0.089372 0.104987
3 0.492754 0.963254 0.10628 0.073491
9 0.48913 0.200787 0.099034 0.11286
