7 0.080529 0.915865 0.117788 0.096154
0 0.082933 0.198317 0.088942 0.088942
7 0.911058 0.911058 0.115385 0.100962
6 0.911058 0.788462 0.081731 0.076923
6 0.091346 0.790865 0.086538 0.086538
10 0.663462 0.19351 0.091346 0.132212
6 0.213942 0.798077 0.076923 0.081731
6 0.786058 0.790865 0.076923 0.081731
6 0.329327 0.794471 0.076923 0.084135
6 0.667067 0.782452 0.084135 0.088942
0 0.330529 0.311298 0.084135 0.088942
2 0.794471 0.561298 0.09375 0.088942
4 0.316106 0.185096 0.103365 0.139423
2 0.790865 0.427885 0.091346 0.091346
8 0.549279 0.776442 0.088942 0.086538
0 0.211538 0.203125 0.086538 0.098558
9 0.438702 0.913462 0.098558 0.105769
3 0.432692 0.19351 0.105769 0.108173
