0 0.053221 0.956425 0.106442 0.087151
0 0.592601 0.418973 0.131186 0.123469
0 0.940991 0.939061 0.118018 0.121877
0 0.418973 0.581027 0.123469 0.131186
0 0.781664 0.952566 0.123469 0.094868
6 0.413185 0.422832 0.127327 0.131186
6 0.948708 0.049363 0.102584 0.098727
6 0.791309 0.051293 0.11961 0.102585
6 0.592601 0.237628 0.131186 0.131186
11 0.204832 0.204832 0.150478 0.150478
11 0.053222 0.214477 0.106443 0.146619
3 0.418973 0.954496 0.131186 0.091009
3 0.588743 0.950637 0.131186 0.098726
8 0.602248 0.051292 0.14276 0.102585
2 0.417044 0.772017 0.135045 0.14276
6 0.055151 0.049363 0.110301 0.098726
