1 0.01245 0.781921 0.0249 0.150199
1 0.771276 0.979699 0.150899 0.040602
0 0.031463 0.650202 0.062926 0.111503
0 0.120049 0.699626 0.1133 0.111701
0 0.238123 0.736851 0.114899 0.110102
0 0.494001 0.692923 0.1133 0.111701
0 0.5722 0.848673 0.114001 0.114001
0 0.684526 0.884147 0.1133 0.111701
0 0.8072 0.922774 0.1163 0.114701
3 0.443829 0.416296 0.116604 0.129397
3 0.64475 0.968987 0.121006 0.062027
11 0.379229 0.257151 0.123305 0.137697
11 0.914581 0.170201 0.132306 0.146696
2 0.207275 0.025996 0.142204 0.051993
2 0.408452 0.152972 0.131102 0.135899
8 0.443927 0.056072 0.127006 0.112144
8 0.780608 0.135671 0.132503 0.140499
7 0.975154 0.202325 0.049693 0.1493
5 0.308723 0.892798 0.131407 0.150595
4 0.409749 0.929911 0.133904 0.140179
9 0.564453 0.074285 0.133508 0.14857
10 0.527326 0.191697 0.130707 0.148296
6 0.965492 0.315801 0.069017 0.1163
6 0.861852 0.30617 0.119102 0.1239
6 0.749526 0.270695 0.106402 0.1096
6 0.6387 0.234421 0.110102 0.114899
6 0.26305 0.234324 0.104301 0.102701
6 0.177647 0.09397 0.124797 0.115203
