3 0.962891 0.684439 0.074218 0.143735
5 0.698456 0.885655 0.157538 0.161987
4 0.794355 0.829308 0.154669 0.158129
0 0.977893 0.503531 0.044213 0.128751
0 0.919639 0.578847 0.124447 0.124447
0 0.824161 0.649859 0.129245 0.129739
0 0.656237 0.623464 0.125881 0.126375
0 0.532237 0.853498 0.124941 0.123952
6 0.370532 0.235296 0.123459 0.125436
6 0.463116 0.166436 0.128304 0.127316
6 0.558865 0.087733 0.12781 0.12781
8 0.102826 0.274127 0.145074 0.147545
8 0.376547 0.068014 0.158973 0.136027
11 0.484339 0.023764 0.149823 0.047528
9 0.285174 0.12053 0.156551 0.162976
10 0.264047 0.293524 0.149377 0.153331
6 0.642396 0.032239 0.130679 0.064477
6 0.146255 0.533919 0.121578 0.120589
6 0.023023 0.516674 0.046045 0.12781
2 0.677611 0.448789 0.141265 0.141265
0 0.330474 0.965784 0.122518 0.068432
0 0.432431 0.924732 0.121083 0.121083
11 0.229985 0.455167 0.138298 0.14423
3 0.399049 0.497191 0.135429 0.140372
