0 0.090144 0.325721 0.088942 0.088942
0 0.442308 0.550481 0.081731 0.076923
0 0.21875 0.442308 0.081731 0.091346
0 0.332933 0.447115 0.079327 0.081731
0 0.550481 0.447115 0.076923 0.081731
1 0.91226 0.082933 0.108173 0.103365
6 0.780048 0.794471 0.074519 0.088942
0 0.908654 0.325721 0.086538 0.074519
6 0.907452 0.804087 0.084135 0.084135
6 0.085337 0.794471 0.084135 0.088942
6 0.211538 0.679087 0.081731 0.084135
6 0.439904 0.668269 0.076923 0.086538
6 0.552885 0.550481 0.076923 0.081731
6 0.324519 0.560096 0.076923 0.086538
5 0.677885 0.205529 0.086538 0.108173
3 0.442308 0.201923 0.086538 0.100962
2 0.671875 0.088942 0.084135 0.100962
1 0.326923 0.076923 0.091346 0.100962
7 0.91226 0.930288 0.108173 0.120192
10 0.555288 0.925481 0.096154 0.125
11 0.792067 0.675481 0.098558 0.091346
2 0.550481 0.332933 0.086538 0.088942
9 0.444712 0.927885 0.081731 0.139423
0 0.782452 0.566106 0.084135 0.088942
8 0.557692 0.793269 0.091346 0.100962
8 0.433894 0.794471 0.084135 0.098558
4 0.205529 0.084135 0.108173 0.115385
11 0.799279 0.921875 0.117788 0.108173
3 0.805288 0.323317 0.120192 0.088942
7 0.314904 0.930288 0.100962 0.125
