1 0.368903 0.147136 0.087398 0.138021
0 0.169716 0.929688 0.079268 0.104167
0 0.273374 0.690104 0.071139 0.098958
0 0.379065 0.949218 0.071139 0.091146
0 0.57622 0.813802 0.075203 0.101562
0 0.671748 0.954427 0.079268 0.091146
0 0.778456 0.954427 0.081301 0.091146
0 0.884147 0.957032 0.077236 0.085937
3 0.276423 0.55599 0.081301 0.127604
11 0.791667 0.148438 0.079268 0.140625
8 0.777439 0.285157 0.087398 0.111979
7 0.882114 0.147136 0.101626 0.138021
5 0.162601 0.151042 0.097561 0.145833
9 0.474594 0.421876 0.087398 0.119792
6 0.182927 0.427083 0.077236 0.093749
6 0.78252 0.5625 0.07317 0.093749
6 0.884147 0.26823 0.081301 0.104167
6 0.579269 0.298177 0.077236 0.101562
