11 0.213296 0.192215 0.134919 0.160216
11 0.80146 0.204864 0.139136 0.185514
6 0.967136 0.02654 0.065728 0.05308
0 0.405134 0.97346 0.139136 0.053079
0 0.575892 0.603297 0.134919 0.147569
0 0.028648 0.977677 0.057297 0.044646
6 0.799352 0.02654 0.134919 0.05308
6 0.030756 0.030757 0.061511 0.061513
6 0.390378 0.396703 0.134919 0.147569
6 0.594866 0.398811 0.139136 0.151783
0 0.799352 0.824649 0.143352 0.160216
0 0.19854 0.979784 0.139136 0.040432
6 0.200648 0.032864 0.126486 0.065728
3 0.181675 0.826757 0.147569 0.18973
3 0.603297 0.967136 0.156 0.065728
