0 0.911058 0.674279 0.086538 0.079327
1 0.092548 0.199519 0.108173 0.096154
0 0.778846 0.560096 0.081731 0.086538
0 0.667067 0.555288 0.079327 0.081731
0 0.555288 0.450721 0.086538 0.079327
0 0.449519 0.555288 0.076923 0.076923
6 0.90024 0.432692 0.084135 0.081731
11 0.441106 0.447115 0.084135 0.091346
6 0.78726 0.320913 0.079327 0.084135
7 0.320913 0.070913 0.098558 0.103365
6 0.675481 0.441106 0.076923 0.084135
6 0.555288 0.336538 0.081731 0.081731
4 0.685096 0.913462 0.091346 0.115385
9 0.557692 0.072115 0.091346 0.139423
2 0.438702 0.320913 0.088942 0.098558
