6 0.540625 0.5140625 0.0703125 0.05703125
6 0.44140625 0.671875 0.07578125 0.0640625
6 0.659375 0.675 0.08203125 0.0671875
6 0.77109375 0.66796875 0.08203125 0.06328125
6 0.88203125 0.66796875 0.09375 0.06640625
6 0.3359375 0.67265625 0.0796875 0.0625
6 0.215625 0.6765625 0.0890625 0.0578125
6 0.11171875 0.67109375 0.09765625 0.05546875
4 0.45234375 0.16484375 0.078125 0.109375
9 0.43125 0.775 0.07578125 0.0875
0 0.10390625 0.25859375 0.09140625 0.06796875
0 0.23046875 0.26484375 0.0828125 0.07109375
0 0.34140625 0.265625 0.07578125 0.07109375
0 0.4390625 0.509375 0.07265625 0.05546875
0 0.54765625 0.265625 0.07578125 0.0640625
0 0.65703125 0.26328125 0.07734375 0.06953125
0 0.765625 0.26953125 0.084375 0.0640625
0 0.8765625 0.271875 0.08671875 0.0671875
1 0.10390625 0.1703125 0.109375 0.09140625
1 0.89453125 0.1765625 0.10859375 0.08984375
5 0.55625 0.175 0.08046875 0.10390625
7 0.08359375 0.76796875 0.11796875 0.08671875
7 0.91015625 0.7671875 0.1203125 0.0890625
2 0.66484375 0.17109375 0.0875 0.0953125
2 0.346875 0.16953125 0.0875 0.09609375
8 0.65390625 0.765625 0.0890625 0.08203125
8 0.325 0.7640625 0.08046875 0.07578125
10 0.5484375 0.76953125 0.08203125 0.09140625
3 0.23671875 0.16796875 0.09921875 0.09921875
3 0.77890625 0.18359375 0.1015625 0.096875
11 0.6625 0.5875 0.096875 0.06796875
11 0.19609375 0.7640625 0.1046875 0.08515625
