0 0.9098557692307693 0.6754807692307693 0.0889423076923077 0.08653846153846154
0 0.5649038461538461 0.44471153846153844 0.08173076923076923 0.08173076923076923
1 0.09254807692307693 0.19951923076923078 0.10817307692307693 0.09615384615384616
0 0.4483173076923077 0.5540865384615384 0.07932692307692307 0.08413461538461539
0 0.6742788461538461 0.43509615384615385 0.07451923076923077 0.08173076923076923
6 0.9002403846153846 0.4326923076923077 0.08413461538461539 0.08173076923076923
11 0.6742788461538461 0.5552884615384616 0.0889423076923077 0.08653846153846154
6 0.7884615384615384 0.32091346153846156 0.08173076923076923 0.08413461538461539
7 0.32091346153846156 0.07211538461538461 0.0985576923076923 0.10576923076923077
4 0.6694711538461539 0.7920673076923077 0.0985576923076923 0.10336538461538461
9 0.5588942307692307 0.07091346153846154 0.0889423076923077 0.1466346153846154
2 0.43990384615384615 0.31850961538461536 0.08653846153846154 0.10336538461538461
6 0.5564903846153846 0.33413461538461536 0.07932692307692307 0.08173076923076923
