7 0.08774 0.078125 0.103365 0.108173
11 0.663462 0.325721 0.076923 0.09375
1 0.915865 0.932692 0.096154 0.134615
11 0.329327 0.334135 0.081731 0.105769
5 0.555288 0.933894 0.091346 0.132212
2 0.31851 0.927885 0.088942 0.120192
0 0.082933 0.799279 0.088942 0.09375
6 0.91226 0.211538 0.079327 0.076923
0 0.554087 0.796875 0.079327 0.09375
0 0.902644 0.802885 0.084135 0.096154
8 0.670673 0.097356 0.096154 0.088942
4 0.435096 0.927885 0.091346 0.134615
7 0.914663 0.08774 0.112981 0.098558
0 0.457933 0.558894 0.079327 0.084135
6 0.091346 0.209135 0.086538 0.086538
6 0.215144 0.203125 0.074519 0.084135
10 0.560096 0.092548 0.091346 0.098558
0 0.789663 0.802885 0.084135 0.091346
6 0.670673 0.21274 0.072115 0.084135
6 0.786058 0.207933 0.076923 0.084135
6 0.329327 0.204327 0.076923 0.086538
6 0.445913 0.441106 0.079327 0.084135
8 0.326923 0.086538 0.096154 0.091346
6 0.558894 0.207933 0.074519 0.088942
1 0.078125 0.927885 0.103365 0.134615
3 0.680288 0.6875 0.086538 0.110577
0 0.332933 0.685096 0.084135 0.091346
0 0.670673 0.805288 0.081731 0.091346
0 0.211538 0.793269 0.086538 0.096154
9 0.44351 0.082933 0.098558 0.098558
3 0.442308 0.814904 0.086538 0.134615
2 0.665865 0.9375 0.096154 0.125
