0 0.44296875 0.41875 0.059375 0.053125
0 0.27265625 0.3640625 0.07578125 0.0625
0 0.29140625 0.24453125 0.06640625 0.0640625
0 0.2609375 0.55703125 0.07109375 0.05078125
0 0.2515625 0.6296875 0.08515625 0.0484375
0 0.23515625 0.71171875 0.08984375 0.05859375
2 0.17578125 0.35546875 0.09453125 0.0703125
2 0.36875 0.2921875 0.075 0.07734375
0 0.3734375 0.35703125 0.065625 0.05859375
1 0.1921875 0.23515625 0.084375 0.07578125
1 0.12890625 0.71171875 0.10859375 0.0515625
5 0.1734375 0.415625 0.09921875 0.06640625
4 0.1578125 0.48203125 0.11171875 0.06640625
6 0.62578125 0.23359375 0.065625 0.06484375
6 0.5453125 0.30078125 0.06171875 0.0578125
6 0.5375 0.42421875 0.05703125 0.0515625
6 0.6234375 0.48984375 0.0609375 0.0515625
6 0.73671875 0.63671875 0.0734375 0.053125
6 0.73671875 0.70703125 0.08046875 0.06015625
11 0.53671875 0.49140625 0.08203125 0.06484375
11 0.84140625 0.6375 0.09609375 0.06796875
6 0.715625 0.36015625 0.0703125 0.0640625
7 0.8046875 0.225 0.07578125 0.07890625
7 0.8515625 0.721875 0.10625 0.059375
8 0.81328125 0.35859375 0.08203125 0.06953125
10 0.83125 0.41484375 0.08671875 0.075
9 0.83359375 0.4875 0.08984375 0.071875
