1 0.38096 0.236359 0.062806 0.077413
1 0.751227 0.760721 0.075952 0.07157
0 0.237089 0.674544 0.058425 0.054043
0 0.313771 0.537246 0.056964 0.059886
0 0.388993 0.684038 0.058425 0.061346
0 0.5241 0.614659 0.051122 0.056964
0 0.602243 0.690611 0.061346 0.056964
0 0.675274 0.690611 0.055503 0.056964
0 0.750496 0.684768 0.062806 0.051122
3 0.453991 0.542358 0.056964 0.073031
11 0.683308 0.236359 0.062806 0.077413
8 0.675274 0.314502 0.064267 0.067188
7 0.751227 0.23855 0.075952 0.081794
5 0.232707 0.23855 0.07011 0.081794
4 0.52337 0.767293 0.064267 0.073031
9 0.456182 0.465676 0.061346 0.065728
6 0.237819 0.393375 0.056964 0.052582
6 0.315962 0.470057 0.055503 0.054043
6 0.533594 0.321074 0.052582 0.059886
6 0.678195 0.470057 0.052582 0.051122
6 0.750496 0.306468 0.056964 0.056964
