11 0.663462 0.323317 0.076923 0.09375
7 0.086538 0.078125 0.105769 0.108173
0 0.082933 0.799279 0.088942 0.088942
1 0.915865 0.933894 0.096154 0.132212
5 0.554087 0.933894 0.09375 0.132212
2 0.31851 0.926683 0.088942 0.122596
6 0.911058 0.211538 0.081731 0.076923
0 0.794471 0.574519 0.088942 0.086538
0 0.554087 0.798077 0.079327 0.091346
7 0.913462 0.08774 0.115385 0.103365
4 0.4375 0.930288 0.091346 0.134615
0 0.903846 0.697115 0.086538 0.086538
6 0.216346 0.203125 0.081731 0.079327
6 0.091346 0.209135 0.086538 0.086538
8 0.668269 0.091346 0.091346 0.091346
0 0.670673 0.805288 0.081731 0.096154
6 0.786058 0.207933 0.076923 0.084135
6 0.330529 0.205529 0.079327 0.084135
10 0.564904 0.444712 0.086538 0.091346
0 0.332933 0.685096 0.084135 0.091346
6 0.671875 0.211538 0.074519 0.081731
6 0.445913 0.44351 0.084135 0.084135
1 0.195913 0.932692 0.108173 0.120192
8 0.795673 0.316106 0.096154 0.084135
3 0.441106 0.811298 0.088942 0.132212
0 0.211538 0.795673 0.091346 0.096154
2 0.669471 0.929087 0.079327 0.127404
9 0.4375 0.08774 0.086538 0.103365
