0 0.595774 0.412553 0.149907 0.133251
6 0.039713 0.033467 0.079425 0.066933
0 0.958205 0.599938 0.08359 0.158236
0 0.789405 0.591611 0.137416 0.14158
0 0.412553 0.591611 0.133251 0.14158
6 0.966533 0.189774 0.066934 0.145744
6 0.80398 0.39798 0.133251 0.145744
6 0.599938 0.208513 0.14158 0.149907
6 0.406307 0.412553 0.137416 0.14158
11 0.037631 0.191856 0.075262 0.158236
3 0.599938 0.964451 0.149907 0.071098
0 0.039713 0.385487 0.079425 0.145744
8 0.610349 0.035549 0.154071 0.071098
8 0.39798 0.037631 0.154071 0.075262
2 0.408389 0.793569 0.149907 0.145744
3 0.033467 0.801898 0.066933 0.145744
