0 0.555288 0.451923 0.086538 0.081731
1 0.085337 0.917067 0.108173 0.108173
0 0.909856 0.674279 0.088942 0.079327
0 0.776442 0.558894 0.081731 0.084135
0 0.091346 0.439904 0.086538 0.081731
0 0.664663 0.554087 0.079327 0.084135
0 0.448317 0.555288 0.079327 0.076923
6 0.78726 0.31851 0.079327 0.084135
6 0.675481 0.441106 0.076923 0.084135
7 0.086538 0.06851 0.110577 0.117788
6 0.221154 0.205529 0.076923 0.088942
6 0.913462 0.206731 0.086538 0.091346
9 0.552885 0.070913 0.091346 0.137019
11 0.205529 0.069712 0.098558 0.110577
4 0.686298 0.914663 0.098558 0.117788
2 0.677885 0.076923 0.086538 0.115385
6 0.555288 0.334135 0.081731 0.081731
6 0.091346 0.200721 0.086538 0.084135
