0 0.574023 0.497608 0.11727 0.116356
0 0.702139 0.897386 0.123737 0.123432
0 0.594347 0.647672 0.113275 0.11358
0 0.675527 0.724848 0.118201 0.11881
0 0.426433 0.50747 0.110193 0.109889
0 0.227447 0.192573 0.117269 0.116356
6 0.835283 0.546642 0.114816 0.115425
1 0.36124 0.930446 0.138212 0.139109
6 0.672447 0.567262 0.112971 0.113884
6 0.971426 0.539881 0.057148 0.125582
2 0.238527 0.353707 0.123736 0.123432
7 0.914324 0.28695 0.150537 0.154192
4 0.460272 0.963579 0.158527 0.072842
11 0.550513 0.026577 0.144984 0.053154
6 0.379517 0.03419 0.126818 0.068379
8 0.332632 0.432281 0.123737 0.123432
6 0.647206 0.409961 0.11512 0.11512
6 0.473605 0.102168 0.120047 0.120351
9 0.732105 0.139503 0.160086 0.164959
