7 0.084135 0.917067 0.110577 0.098558
0 0.082933 0.198317 0.088942 0.088942
6 0.911058 0.789663 0.081731 0.079327
7 0.913462 0.911058 0.115385 0.100962
10 0.671875 0.177885 0.103365 0.134615
8 0.550481 0.777644 0.091346 0.088942
6 0.091346 0.790865 0.086538 0.086538
6 0.213942 0.795673 0.076923 0.081731
6 0.329327 0.794471 0.076923 0.084135
6 0.786058 0.790865 0.076923 0.081731
6 0.670673 0.78726 0.076923 0.079327
11 0.799279 0.427885 0.108173 0.110577
4 0.319712 0.1875 0.096154 0.134615
2 0.794471 0.557692 0.09375 0.091346
9 0.441106 0.914663 0.098558 0.103365
0 0.330529 0.31851 0.084135 0.088942
0 0.209135 0.203125 0.086538 0.098558
3 0.435096 0.189904 0.105769 0.110577
2 0.676683 0.551683 0.09375 0.09375
