0 0.563799 0.460384 0.096365 0.088176
1 0.049866 0.854182 0.099732 0.117361
0 0.881576 0.730598 0.100079 0.098031
0 0.660171 0.578245 0.08989 0.091938
0 0.767824 0.598167 0.092937 0.097032
0 0.444723 0.54809 0.087509 0.091605
8 0.39695 0.065658 0.104077 0.1266
0 0.092722 0.496396 0.097032 0.092937
6 0.68195 0.465998 0.087843 0.093985
6 0.579793 0.346113 0.092271 0.092271
11 0.231838 0.282848 0.122171 0.105792
6 0.810501 0.362626 0.092604 0.094652
7 0.152029 0.040677 0.124455 0.081354
6 0.454123 0.446247 0.087176 0.089224
1 0.612929 0.941793 0.104126 0.110268
3 0.515985 0.802006 0.099364 0.109602
6 0.949098 0.265516 0.095651 0.099746
11 0.268181 0.046127 0.112601 0.092253
8 0.604071 0.216011 0.092556 0.110983
2 0.424992 0.663052 0.095651 0.099746
6 0.135751 0.145609 0.10484 0.098698
4 0.734151 0.942994 0.118694 0.114012
6 0.266711 0.172434 0.098031 0.100079
7 0.740572 0.099189 0.106458 0.126933
9 0.611685 0.083576 0.105028 0.150072
2 0.173863 0.757763 0.102078 0.112316
3 0.169931 0.62978 0.128313 0.09965
0 0.230128 0.399119 0.092271 0.092271
