1 0.117738 0.039955 0.194719 0.079909
1 0.943081 0.995715 0.113838 0.008569
0 0.112036 0.655958 0.130126 0.108079
0 0.048241 0.895999 0.096481 0.089357
0 0.300134 0.911649 0.12839 0.09264
0 0.558454 0.8112 0.109961 0.107231
0 0.701158 0.932545 0.104272 0.090228
0 0.81992 0.684847 0.114925 0.102871
0 0.95118 0.950117 0.09764 0.099766
11 0.666751 0.19298 0.138093 0.200233
8 0.830441 0.210972 0.131743 0.174907
7 0.954209 0.066674 0.091582 0.133348
5 0.513746 0.385989 0.15569 0.167327
4 0.567017 0.991508 0.130131 0.016983
9 0.84749 0.379898 0.156073 0.158477
6 0.508022 0.206519 0.135424 0.15068
6 0.957216 0.202393 0.085569 0.144638
6 0.832778 0.549819 0.106538 0.10634
