7 0.919218 0.079411 0.134771 0.110023
11 0.33624 0.318905 0.09799 0.111988
0 0.940354 0.795457 0.104058 0.102979
6 0.077285 0.203623 0.086581 0.083028
7 0.0679 0.079483 0.129956 0.102751
6 0.908159 0.198817 0.098339 0.097068
8 0.323397 0.088204 0.102703 0.088788
6 0.205078 0.194047 0.095555 0.085227
6 0.789094 0.183796 0.07581 0.085839
0 0.196542 0.574386 0.096621 0.085373
6 0.673844 0.192517 0.08821 0.082828
6 0.32464 0.204447 0.088773 0.092737
3 0.826242 0.658672 0.136281 0.100216
1 0.195187 0.810542 0.112602 0.133493
0 0.674899 0.673892 0.082902 0.103688
10 0.317979 0.689752 0.108043 0.139128
2 0.199179 0.426404 0.10065 0.085514
0 0.321724 0.803684 0.096975 0.105297
8 0.819494 0.922621 0.125414 0.126508
9 0.556723 0.077198 0.116158 0.11397
5 0.562002 0.929085 0.112439 0.141829
0 0.805595 0.790677 0.104517 0.109885
2 0.333973 0.934002 0.100862 0.131996
