0 0.444712 0.549279 0.086538 0.079327
1 0.907452 0.085337 0.108173 0.103365
0 0.090144 0.324519 0.088942 0.086538
0 0.332933 0.447115 0.079327 0.081731
0 0.221154 0.439904 0.081731 0.086538
0 0.551683 0.447115 0.079327 0.076923
0 0.90625 0.561298 0.086538 0.079327
6 0.21274 0.679087 0.079327 0.084135
7 0.911058 0.93149 0.110577 0.127404
1 0.330529 0.080529 0.09375 0.103365
6 0.324519 0.558894 0.076923 0.084135
6 0.086538 0.793269 0.086538 0.091346
2 0.794471 0.444712 0.088942 0.086538
7 0.31851 0.929087 0.09375 0.122596
4 0.205529 0.085337 0.108173 0.117788
11 0.794471 0.93149 0.098558 0.108173
6 0.909856 0.802885 0.088942 0.091346
8 0.671875 0.444712 0.088942 0.086538
6 0.444712 0.663462 0.081731 0.081731
6 0.77524 0.788462 0.084135 0.086538
9 0.552885 0.925481 0.096154 0.134615
