1 0.060096 0.927885 0.115385 0.120192
3 0.787260 0.943510 0.088942 0.112981
2 0.677885 0.930288 0.096154 0.115385
5 0.429087 0.927885 0.103365 0.125000
4 0.544471 0.939904 0.103365 0.120192
0 0.919471 0.813702 0.103365 0.084135
0 0.789663 0.813702 0.088942 0.079327
0 0.673077 0.816106 0.091346 0.093750
0 0.549279 0.802885 0.088942 0.091346
0 0.314904 0.802885 0.091346 0.086538
6 0.304087 0.210337 0.093750 0.088942
6 0.429087 0.438702 0.088942 0.093750
6 0.556490 0.210337 0.084135 0.093750
6 0.668269 0.209135 0.086538 0.086538
6 0.789663 0.207933 0.084135 0.093750
7 0.913462 0.066106 0.115385 0.127404
7 0.085337 0.068510 0.112981 0.122596
8 0.316106 0.081731 0.098558 0.110577
8 0.662260 0.069712 0.098558 0.115385
11 0.804087 0.064904 0.093750 0.125000
9 0.554087 0.067308 0.098558 0.129808
10 0.433894 0.067308 0.103365 0.129808
11 0.424279 0.568510 0.093750 0.103365
6 0.913462 0.179087 0.091346 0.088942
6 0.198317 0.198317 0.084135 0.084135
6 0.068510 0.205529 0.103365 0.093750
2 0.674279 0.560096 0.108173 0.115385
0 0.069712 0.793269 0.100962 0.100962
0 0.193510 0.804087 0.093750 0.098558
3 0.318510 0.685096 0.093750 0.100962
1 0.915865 0.932692 0.115385 0.115385
