6 0.45390625 0.57109375 0.065625 0.05234375
6 0.740625 0.5 0.07109375 0.053125
6 0.840625 0.41484375 0.07578125 0.0578125
6 0.65390625 0.64453125 0.075 0.05390625
6 0.24609375 0.65859375 0.075 0.05546875
6 0.15390625 0.66015625 0.08671875 0.05703125
4 0.25 0.21953125 0.0875 0.10234375
9 0.234375 0.740625 0.09765625 0.05390625
0 0.25859375 0.30234375 0.06875 0.0625
0 0.35234375 0.29921875 0.06796875 0.06484375
0 0.62578125 0.28671875 0.06171875 0.0625
0 0.80859375 0.284375 0.06796875 0.06015625
0 0.54296875 0.428125 0.06796875 0.05234375
0 0.440625 0.50234375 0.07109375 0.05078125
1 0.35625 0.2203125 0.0609375 0.08046875
1 0.534375 0.21796875 0.05859375 0.07734375
0 0.15234375 0.30078125 0.078125 0.0640625
5 0.53828125 0.28046875 0.0640625 0.08984375
7 0.34609375 0.73671875 0.09453125 0.05703125
7 0.89921875 0.72421875 0.115625 0.06328125
2 0.24296875 0.5078125 0.08515625 0.05546875
2 0.728125 0.3484375 0.075 0.075
8 0.65625 0.7265625 0.07734375 0.0578125
10 0.54765625 0.64609375 0.07109375 0.053125
11 0.65390625 0.56796875 0.06640625 0.05859375
