1 0.695913 0.066106 0.103365 0.127404
1 0.08774 0.929087 0.127404 0.117788
0 0.93149 0.788462 0.09375 0.096154
0 0.808894 0.567308 0.084135 0.091346
0 0.683894 0.80649 0.084135 0.084135
0 0.450721 0.68149 0.088942 0.09375
0 0.33774 0.814904 0.09375 0.091346
0 0.211538 0.814904 0.096154 0.091346
0 0.086538 0.817308 0.091346 0.086538
3 0.805288 0.44351 0.096154 0.117788
11 0.195913 0.067308 0.09375 0.129808
8 0.21274 0.19351 0.103365 0.103365
7 0.088942 0.066106 0.120192 0.127404
5 0.939904 0.069712 0.115385 0.134615
4 0.457933 0.939904 0.103365 0.120192
9 0.570913 0.319712 0.103365 0.110577
6 0.915865 0.324519 0.091346 0.086538
6 0.206731 0.449519 0.086538 0.086538
6 0.086538 0.177885 0.096154 0.096154
6 0.447115 0.205529 0.091346 0.09375
