7 0.084135 0.082933 0.110577 0.098558
11 0.66226 0.328125 0.084135 0.103365
0 0.082933 0.802885 0.088942 0.091346
6 0.911058 0.210337 0.081731 0.079327
7 0.91226 0.08774 0.112981 0.103365
6 0.091346 0.209135 0.086538 0.086538
6 0.786058 0.209135 0.076923 0.081731
6 0.213942 0.204327 0.081731 0.081731
6 0.330529 0.205529 0.079327 0.084135
6 0.670673 0.213942 0.076923 0.081731
10 0.792067 0.823317 0.103365 0.141827
0 0.793269 0.576923 0.081731 0.076923
8 0.551683 0.22476 0.09375 0.088942
3 0.189904 0.674279 0.115385 0.098558
2 0.794471 0.439904 0.098558 0.091346
0 0.329327 0.68149 0.086538 0.088942
9 0.441106 0.08774 0.098558 0.103365
4 0.317308 0.813702 0.100962 0.137019
0 0.671875 0.805288 0.084135 0.091346
2 0.441106 0.68149 0.088942 0.108173
0 0.210337 0.800481 0.088942 0.100962
