1 0.928934 0.992635 0.142132 0.01473
0 0.027022 0.86938 0.054044 0.099564
0 0.124168 0.862235 0.085189 0.09136
1 0.033272 0.966449 0.066544 0.067102
0 0.911601 0.866078 0.138186 0.136869
0 0.330642 0.719334 0.100169 0.116644
3 0.743555 0.983058 0.109989 0.033885
0 0.589662 0.86495 0.097547 0.111064
0 0.226905 0.862431 0.08982 0.112287
6 0.925807 0.029335 0.137397 0.05867
0 0.72914 0.853215 0.118849 0.123482
0 0.450571 0.568636 0.099871 0.113065
6 0.314343 0.121222 0.091819 0.156559
6 0.090758 0.171821 0.086453 0.129359
8 0.198196 0.032586 0.096761 0.065172
6 0.006973 0.187353 0.013946 0.117077
6 0.197353 0.136148 0.080674 0.129845
6 0.4422 0.26068 0.099161 0.141824
7 0.009303 0.061764 0.018606 0.123527
6 0.730549 0.044398 0.125486 0.088797
6 0.59211 0.063504 0.099431 0.127008
2 0.592192 0.976149 0.104104 0.047702
3 0.127561 0.970892 0.076718 0.058216
2 0.22932 0.965768 0.086172 0.068464
4 0.461142 0.979224 0.09816 0.041551
11 0.074176 0.052279 0.087601 0.104558
5 0.344448 0.965361 0.113399 0.069279
10 0.309475 0.020353 0.11344 0.040706
9 0.436821 0.003138 0.110185 0.006275
