0 0.573092 0.483074 0.109255 0.118648
0 0.957605 0.701316 0.084789 0.115682
0 0.700837 0.579065 0.098015 0.110756
0 0.828962 0.580421 0.089821 0.110301
0 0.452129 0.609755 0.097207 0.108631
0 0.044216 0.506985 0.088432 0.101198
6 0.831079 0.318966 0.086957 0.094672
1 0.714389 0.96736 0.108974 0.06528
7 0.049827 0.072238 0.099653 0.144476
6 0.958933 0.17608 0.082134 0.115112
6 0.709996 0.456315 0.096613 0.103061
7 0.715428 0.05522 0.107045 0.11044
2 0.322716 0.764231 0.109236 0.11564
8 0.188771 0.493207 0.114602 0.122382
3 0.302503 0.630945 0.120115 0.124168
11 0.168031 0.062172 0.123027 0.124344
6 0.576822 0.346063 0.105611 0.112877
4 0.844098 0.955944 0.113475 0.088111
6 0.050073 0.220845 0.100146 0.124087
6 0.18875 0.227514 0.116516 0.097196
9 0.455004 0.071694 0.117719 0.143389
