7 0.996977 0.332547 0.006046 0.145964
11 0.441965 0.268213 0.112814 0.11933
0 0.7188 0.951941 0.120976 0.096118
5 0.241667 0.85278 0.146226 0.16112
11 0.732025 0.436596 0.120761 0.131
1 0.000804 0.677836 0.001608 0.160666
6 0.281773 0.050744 0.109998 0.101488
4 0.348434 0.9081 0.153935 0.169759
2 0.449591 0.943995 0.146226 0.112009
0 0.056696 0.474245 0.113393 0.118876
0 0.307739 0.734117 0.113745 0.118399
6 0.969842 0.444671 0.060316 0.117706
7 0.337678 0.005362 0.147826 0.010725
8 0.551317 0.060562 0.125177 0.121125
6 0.893764 0.38083 0.106967 0.108829
0 0.507519 0.57297 0.109067 0.109998
6 0.793537 0.323649 0.108137 0.110929
0 0.099112 0.622082 0.114676 0.117468
6 0.488992 0.16646 0.104867 0.107659
10 0.648632 0.109525 0.126585 0.128447
6 0.390519 0.106129 0.104867 0.107659
0 0.556972 0.743576 0.115845 0.119568
6 0.578005 0.476025 0.110237 0.112099
6 0.591796 0.214071 0.108375 0.11396
1 0.553553 0.973577 0.152049 0.052846
3 0.251854 0.575063 0.128231 0.136609
0 0.20237 0.683702 0.115845 0.119568
8 0.174296 0.249865 0.138709 0.1294
3 0.397214 0.803196 0.141094 0.159711
0 0.609361 0.896557 0.126585 0.128447
9 0.755159 0.170214 0.136632 0.141287
2 0.143542 0.796768 0.151596 0.165558
