11 0.264062 0.457333 0.11947 0.122529
0 0.975558 0.493621 0.048885 0.12436
5 0.713777 0.88143 0.153893 0.162051
4 0.805509 0.809383 0.156234 0.166431
2 0.903964 0.738357 0.151042 0.15818
6 0.026836 0.511525 0.053671 0.110407
0 0.307099 0.734639 0.122935 0.122425
6 0.65653 0.041975 0.120999 0.083951
0 0.289349 0.896992 0.122935 0.122425
6 0.554257 0.091319 0.108981 0.109491
0 0.743831 0.547302 0.11998 0.122019
8 0.121447 0.269795 0.126296 0.125786
6 0.096465 0.43449 0.111832 0.113362
6 0.461812 0.162398 0.113768 0.114788
0 0.486338 0.57873 0.114278 0.114278
6 0.190794 0.367995 0.107961 0.110511
0 0.543636 0.847024 0.122831 0.125891
6 0.509588 0.419792 0.119574 0.119064
1 0.955886 0.663918 0.088227 0.175901
10 0.404075 0.667687 0.139637 0.142696
8 0.152621 0.528969 0.123955 0.121406
0 0.906184 0.565052 0.130573 0.131593
3 0.728167 0.718567 0.146152 0.156349
2 0.618992 0.934875 0.141365 0.130249
9 0.303891 0.132425 0.13485 0.137399
