6 0.7546875 0.4734375 0.0875 0.06484375
6 0.24296875 0.7140625 0.08515625 0.06796875
6 0.13515625 0.7203125 0.08671875 0.06015625
4 0.240625 0.23671875 0.09765625 0.09140625
9 0.22890625 0.80859375 0.10234375 0.08828125
0 0.240625 0.33125 0.078125 0.05859375
0 0.13515625 0.41015625 0.096875 0.05234375
0 0.44453125 0.71640625 0.07734375 0.0625
1 0.44609375 0.240625 0.0796875 0.08046875
1 0.665625 0.71796875 0.08515625 0.0734375
7 0.33984375 0.31796875 0.0828125 0.07421875
7 0.4546875 0.79375 0.0828125 0.08046875
2 0.6375 0.23515625 0.0796875 0.08125
11 0.55390625 0.384375 0.06640625 0.07109375
