8 0.331237 0.248879 0.088051 0.107624
10 0.443396 0.239911 0.090146 0.12556
7 0.866876 0.236547 0.106918 0.118834
6 0.440251 0.369956 0.075471 0.080717
6 0.550314 0.367713 0.073376 0.089686
6 0.647799 0.371077 0.071279 0.078476
6 0.754717 0.365471 0.088051 0.085202
1 0.114256 0.992153 0.102725 0.015695
3 0.216982 0.992152 0.085954 0.015695
2 0.33543 0.993274 0.079664 0.013453
2 0.649895 0.997758 0.083857 0.004485
0 0.539832 0.924888 0.073376 0.087444
0 0.646751 0.931614 0.077568 0.082959
0 0.750524 0.933857 0.079664 0.082959
0 0.861635 0.933857 0.079664 0.078476
