11 0.199886 0.17749 0.161254 0.188132
8 0.403694 0.034993 0.174693 0.069987
6 0.019315 0.017076 0.03863 0.034153
6 0.980685 0.010357 0.03863 0.020714
6 0.815791 0.012597 0.147817 0.025193
3 0.980684 0.820271 0.038631 0.183652
0 0.017076 0.643338 0.034152 0.161254
6 0.181969 0.021555 0.143338 0.04311
2 0.014836 0.381298 0.029672 0.165734
1 0.019316 0.985164 0.038631 0.029672
0 0.181969 0.991882 0.152297 0.016235
0 0.818031 0.842667 0.152297 0.165734
4 0.835947 0.978445 0.179173 0.043111
0 0.978445 0.980684 0.043111 0.038631
