7 0.873498 0.050513 0.115144 0.101026
11 0.32021 0.341373 0.087502 0.100558
0 0.94249 0.760221 0.096642 0.096642
1 0.12509 0.948617 0.107966 0.102766
5 0.485486 0.933463 0.105354 0.133074
6 0.064475 0.250006 0.08837 0.084018
8 0.295036 0.1047 0.103824 0.097296
2 0.719548 0.909662 0.099476 0.127763
11 0.433831 0.449302 0.100558 0.087502
4 0.600939 0.919256 0.103396 0.144739
0 0.11428 0.730644 0.096424 0.094248
7 0.056498 0.128134 0.112995 0.11101
0 0.547235 0.554836 0.08663 0.090983
6 0.880591 0.173272 0.09403 0.09403
0 0.473169 0.801754 0.087284 0.098164
6 0.758064 0.179602 0.084018 0.08837
6 0.187545 0.236386 0.081624 0.088152
0 0.239 0.827907 0.092073 0.0986
6 0.643154 0.190067 0.084018 0.08837
0 0.354126 0.819836 0.08772 0.102952
0 0.684362 0.669073 0.089678 0.098382
1 0.836851 0.89898 0.10818 0.11906
10 0.405484 0.098262 0.10535 0.114054
6 0.551025 0.437423 0.091637 0.093812
6 0.302672 0.228314 0.081624 0.088152
8 0.088886 0.478301 0.115794 0.098386
3 0.584598 0.806089 0.095997 0.141691
0 0.81387 0.765899 0.09969 0.104042
2 0.370142 0.937826 0.090555 0.124348
9 0.523766 0.085077 0.098168 0.113399
