1 0.068852 0.983451 0.137704 0.033097
0 0.072131 0.899527 0.12459 0.078014
0 0.537705 0.894799 0.104918 0.078014
0 0.236065 0.899527 0.104918 0.078014
0 0.385245 0.894799 0.108197 0.082743
6 0.554098 0.316785 0.104918 0.085106
0 0.860656 0.894799 0.108197 0.078014
3 0.980328 0.984634 0.039344 0.030732
0 0.97541 0.881797 0.049181 0.080379
0 0.708196 0.670213 0.111476 0.078014
6 0.875409 0.320331 0.104918 0.082743
6 0.244262 0.317967 0.101639 0.08747
6 0.704918 0.316785 0.104918 0.085106
6 0.391803 0.313239 0.101639 0.082743
6 0.072131 0.309692 0.111476 0.080378
6 0.981967 0.317967 0.036065 0.08747
7 0.070492 0.184398 0.140983 0.108747
11 0.991803 0.184398 0.016393 0.132387
8 0.406557 0.187943 0.118032 0.111111
2 0.391803 0.981088 0.114755 0.037825
2 0.857377 0.979906 0.114755 0.040189
8 0.878688 0.184398 0.118032 0.113476
3 0.239344 0.984634 0.104918 0.030732
4 0.708197 0.984634 0.104918 0.030732
11 0.234426 0.187943 0.114755 0.125296
10 0.554098 0.187943 0.12459 0.120567
5 0.555737 0.97636 0.114755 0.047281
9 0.701639 0.185579 0.12459 0.130024
