1 0.939904 0.072115 0.115385 0.120192
3 0.820913 0.066106 0.088942 0.132212
3 0.210337 0.05649 0.088942 0.11298
2 0.317308 0.063702 0.096154 0.117788
2 0.685096 0.06851 0.096154 0.127404
5 0.566106 0.067308 0.103365 0.125
4 0.450721 0.060096 0.103365 0.120192
0 0.079327 0.186298 0.096154 0.088942
0 0.209135 0.186298 0.086538 0.079327
0 0.326923 0.188702 0.091346 0.09375
0 0.450721 0.197115 0.088942 0.091346
0 0.573317 0.200721 0.084135 0.088942
0 0.6875 0.19351 0.081731 0.084135
6 0.688702 0.78726 0.09375 0.088942
6 0.566106 0.78726 0.088942 0.09375
6 0.4375 0.789663 0.081731 0.09375
6 0.326923 0.790865 0.081731 0.086538
6 0.204327 0.792067 0.086538 0.09375
7 0.081731 0.933894 0.115385 0.127404
7 0.914663 0.924279 0.112981 0.122596
8 0.683894 0.918269 0.098558 0.110577
8 0.332933 0.924279 0.098558 0.117788
11 0.195913 0.935096 0.09375 0.125
9 0.441106 0.932692 0.098558 0.129808
10 0.557692 0.929087 0.091346 0.137019
