0 0.907452 0.798077 0.09375 0.081731
1 0.91226 0.917067 0.108173 0.103365
0 0.786058 0.798077 0.081731 0.081731
0 0.326923 0.792067 0.081731 0.079327
0 0.088942 0.786058 0.086538 0.081731
0 0.442308 0.451923 0.081731 0.081731
6 0.08774 0.205529 0.084135 0.088942
1 0.072115 0.923077 0.110577 0.105769
0 0.22476 0.780048 0.079327 0.084135
6 0.5625 0.442308 0.076923 0.076923
3 0.211538 0.926683 0.081731 0.122596
0 0.557692 0.5625 0.076923 0.081731
6 0.442308 0.334135 0.081731 0.086538
0 0.679087 0.667067 0.079327 0.079327
6 0.213942 0.207933 0.076923 0.084135
6 0.90625 0.199519 0.081731 0.086538
8 0.661058 0.073317 0.086538 0.112981
6 0.78125 0.205529 0.076923 0.088942
6 0.317308 0.211538 0.076923 0.081731
7 0.91226 0.066106 0.108173 0.112981
2 0.671875 0.911058 0.084135 0.100962
7 0.082933 0.070913 0.103365 0.112981
11 0.561298 0.207933 0.088942 0.09375
3 0.550481 0.798077 0.081731 0.100962
5 0.551683 0.913462 0.088942 0.110577
11 0.78726 0.070913 0.084135 0.127404
2 0.561298 0.661058 0.084135 0.086538
8 0.330529 0.070913 0.088942 0.122596
10 0.552885 0.073317 0.091346 0.122596
4 0.444712 0.925481 0.086538 0.120192
6 0.674279 0.43149 0.079327 0.079327
9 0.444712 0.074519 0.091346 0.144231
