7 0.915865 0.082933 0.110577 0.098558
0 0.917067 0.801683 0.088942 0.088942
6 0.088942 0.210337 0.081731 0.079327
7 0.086538 0.088942 0.115385 0.100962
10 0.328125 0.822115 0.103365 0.134615
8 0.449519 0.222356 0.091346 0.088942
6 0.908654 0.209135 0.086538 0.086538
6 0.786058 0.204327 0.076923 0.081731
6 0.670673 0.205529 0.076923 0.084135
6 0.213942 0.209135 0.076923 0.081731
6 0.329327 0.21274 0.076923 0.079327
11 0.200721 0.572115 0.108173 0.110577
4 0.680288 0.8125 0.096154 0.134615
2 0.205529 0.442308 0.09375 0.091346
9 0.558894 0.085337 0.098558 0.103365
0 0.669471 0.68149 0.084135 0.088942
0 0.790865 0.796875 0.086538 0.098558
3 0.564904 0.810096 0.105769 0.110577
2 0.323317 0.448317 0.09375 0.09375
