1 0.289575 0.075398 0.107624 0.130834
1 0.926526 0.913666 0.126599 0.124278
0 0.194725 0.576497 0.08934 0.08702
0 0.077293 0.801761 0.09895 0.087346
0 0.324116 0.810227 0.097037 0.101679
0 0.556929 0.689285 0.089666 0.096629
0 0.679925 0.805375 0.096874 0.096874
0 0.788175 0.557574 0.094227 0.089584
0 0.927582 0.80299 0.101597 0.094634
11 0.663709 0.185376 0.097851 0.125703
8 0.786357 0.184825 0.097607 0.118496
7 0.898559 0.060182 0.119718 0.120365
5 0.54707 0.327633 0.104652 0.113935
4 0.55335 0.938206 0.114587 0.123588
9 0.804927 0.306862 0.121468 0.114506
6 0.544116 0.205066 0.087183 0.094145
6 0.900108 0.170143 0.094471 0.096792
6 0.792672 0.44197 0.08702 0.08934
