11 0.272863 0.264633 0.12509 0.141549
4 0.743597 0.998534 0.144841 0.002932
7 0.004758 0.003111 0.009516 0.006222
6 0.10827 0.101687 0.105339 0.111923
6 0.890084 0.093457 0.115215 0.108631
6 0.732075 0.093457 0.108631 0.115215
0 0.098395 0.606985 0.111923 0.115215
3 0.917884 0.733721 0.164232 0.131674
6 0.266279 0.10827 0.105339 0.111923
1 0.093457 0.924468 0.134966 0.151064
8 0.429225 0.118146 0.128382 0.12509
0 0.266279 0.921356 0.111923 0.131674
0 0.732075 0.751826 0.108631 0.121798
10 0.41112 0.582296 0.131674 0.144841
2 0.095103 0.416058 0.12509 0.121798
9 0.582296 0.003111 0.138258 0.006222
0 0.895022 0.908189 0.12509 0.138258
