1 0.651118 0.997236 0.166613 0.005528
0 0.023359 0.539829 0.046718 0.121562
0 0.0846 0.614534 0.124079 0.12131
0 0.193665 0.675605 0.124079 0.12131
0 0.494393 0.849506 0.124331 0.124331
0 0.5996 0.912549 0.125505 0.126428
0 0.706904 0.9573 0.124331 0.085399
0 0.452188 0.693632 0.126679 0.128526
3 0.575966 0.475039 0.133306 0.148074
3 0.534418 0.978613 0.137921 0.042774
11 0.949959 0.271032 0.100081 0.163762
2 0.326105 0.002598 0.151931 0.005195
8 0.62718 0.381116 0.128526 0.12668
8 0.85285 0.204425 0.149665 0.164433
7 0.994005 0.32447 0.01199 0.171983
5 0.251716 0.562092 0.139515 0.138593
4 0.323879 0.905555 0.148911 0.155372
9 0.484548 0.129059 0.161076 0.169383
6 0.212855 0.139473 0.114516 0.114516
6 0.323347 0.193078 0.116864 0.11871
6 0.690474 0.27054 0.118039 0.120807
6 0.723074 0.43619 0.123156 0.122233
6 0.900341 0.3853 0.122485 0.126177
6 0.973998 0.427704 0.052004 0.131798
