9 0.7170688986034724 0.315493382237811 0.0939205669315857 0.21791962724713498
5 0.768292768482358 0.1360441065132061 0.08730254183192415 0.1829589597896337
2 0.45278386613682897 0.44072751185998477 0.0664502566173035 0.15856384428028308
1 0.44851556131596604 0.34086299824863736 0.07581388548853105 0.14430860451997746
7 0.28020101773267925 0.06500539085721505 0.0645979645346415 0.12128324925032129
4 0.1654911045225123 0.29985410963919096 0.0916216190044715 0.22388728334105762
0 0.2834771959300832 0.15282969405398533 0.06335408216702561 0.11885842345112874
0 0.3591509309479158 0.5701426741982727 0.06579988761156458 0.1213042288956677
0 0.26107850025200524 0.3339844043438273 0.059874190808334844 0.126007022976628
6 0.35173840909390475 0.4437729139585782 0.060971215658525764 0.120018387237359
6 0.6095103146876191 0.3472800399558262 0.060992195303872274 0.12122031031428207
6 0.5543361881914302 0.6841602591120078 0.05865128808606539 0.12478412025435841
