0 0.614618 0.38421 0.119601 0.069474
0 0.76578 0.473685 0.109635 0.075789
0 0.923588 0.48 0.112957 0.075789
0 0.463455 0.475789 0.109635 0.067368
0 0.139534 0.273684 0.112957 0.075789
1 0.141196 0.792631 0.136213 0.090526
6 0.777409 0.376842 0.106312 0.075789
6 0.614617 0.28 0.112957 0.075789
6 0.931894 0.270526 0.109635 0.073685
11 0.461793 0.158948 0.112957 0.090526
7 0.290697 0.050527 0.136213 0.101053
6 0.01495 0.16 0.0299 0.08
9 0.614618 0.056842 0.126246 0.113684
2 0.451827 0.270526 0.106312 0.082105
4 0.792359 0.792631 0.129568 0.103158
