1 0.304087 0.06851 0.103365 0.127404
1 0.914663 0.926683 0.132212 0.117788
0 0.06851 0.789663 0.088942 0.084135
0 0.192308 0.564904 0.091346 0.091346
0 0.316106 0.802885 0.09375 0.096154
0 0.549279 0.689904 0.09375 0.091346
0 0.665865 0.810096 0.096154 0.086538
0 0.788462 0.816106 0.091346 0.088942
0 0.91226 0.816106 0.09375 0.084135
11 0.802885 0.066106 0.096154 0.127404
8 0.78726 0.194712 0.103365 0.105769
7 0.91226 0.067308 0.122596 0.129808
5 0.060096 0.069712 0.115385 0.134615
4 0.544471 0.938702 0.103365 0.122596
9 0.429087 0.319712 0.103365 0.115385
6 0.19351 0.449519 0.084135 0.086538
6 0.554087 0.205529 0.088942 0.09375
6 0.91226 0.183894 0.09375 0.09375
6 0.795673 0.445913 0.086538 0.09375
