11 0.334686 0.315531 0.088606 0.108586
7 0.929637 0.076232 0.112939 0.117524
0 0.93053 0.802714 0.091824 0.097359
1 0.074485 0.932748 0.117534 0.134503
6 0.075403 0.200375 0.088225 0.101127
0 0.207246 0.575859 0.094587 0.102955
4 0.57804 0.934909 0.094085 0.130183
7 0.076268 0.065865 0.129063 0.109786
2 0.687951 0.935554 0.102819 0.128892
0 0.09261 0.6976 0.091145 0.098731
6 0.915299 0.20577 0.101952 0.099429
6 0.795156 0.200329 0.083262 0.093925
8 0.339075 0.075499 0.11452 0.094329
6 0.210658 0.191172 0.091325 0.091775
6 0.679933 0.198249 0.068833 0.083138
0 0.676532 0.686713 0.08366 0.101884
1 0.807923 0.939123 0.121063 0.116311
6 0.331875 0.198044 0.08326 0.09144
10 0.316532 0.575666 0.097257 0.114265
2 0.340593 0.93593 0.109013 0.12814
3 0.567374 0.822923 0.089176 0.131768
0 0.327068 0.802529 0.085996 0.104472
8 0.441676 0.564294 0.109146 0.109103
0 0.794972 0.796686 0.110331 0.110664
9 0.564388 0.074826 0.102125 0.118586
