1 0.304087 0.066106 0.103365 0.127404
1 0.912260 0.929087 0.127404 0.117788
0 0.068510 0.788462 0.093750 0.096154
0 0.191106 0.567308 0.084135 0.091346
0 0.316106 0.806490 0.084135 0.084135
0 0.549279 0.681490 0.088942 0.093750
0 0.662260 0.814904 0.093750 0.091346
0 0.788462 0.814904 0.096154 0.091346
0 0.913462 0.817308 0.091346 0.086538
3 0.194712 0.443510 0.096154 0.117788
11 0.804087 0.067308 0.093750 0.129808
8 0.787260 0.193510 0.103365 0.103365
7 0.911058 0.066106 0.120192 0.127404
5 0.060096 0.069712 0.115385 0.134615
4 0.542067 0.939904 0.103365 0.120192
9 0.429087 0.319712 0.103365 0.110577
6 0.084135 0.324519 0.091346 0.086538
6 0.793269 0.449519 0.086538 0.086538
6 0.913462 0.177885 0.096154 0.096154
6 0.552885 0.205529 0.091346 0.093750
