0 0.538858 0.467618 0.058287 0.051811
1 0.225563 0.779294 0.072859 0.069621
0 0.776056 0.618194 0.059906 0.058287
0 0.614146 0.537239 0.05343 0.055049
0 0.687815 0.540477 0.055049 0.058287
0 0.467618 0.537239 0.051811 0.055049
8 0.390711 0.219896 0.059906 0.077717
0 0.227992 0.53562 0.058287 0.055049
6 0.618194 0.460332 0.051811 0.056669
6 0.538858 0.389901 0.055049 0.055049
11 0.300851 0.380187 0.074479 0.061526
6 0.694292 0.379377 0.055049 0.056669
7 0.222325 0.206944 0.072859 0.084193
6 0.46438 0.468428 0.051811 0.05343
1 0.616575 0.784152 0.061526 0.066383
3 0.538858 0.699959 0.058287 0.066383
6 0.777675 0.301661 0.056669 0.059906
11 0.301661 0.209372 0.066383 0.072859
8 0.542906 0.300851 0.05343 0.068002
2 0.465189 0.615765 0.056669 0.059906
6 0.223944 0.297613 0.063145 0.058287
4 0.698339 0.779294 0.069621 0.079336
6 0.313804 0.30328 0.058287 0.059906
7 0.623051 0.210182 0.061526 0.077717
9 0.53562 0.2118 0.058287 0.093908
2 0.306518 0.702387 0.059906 0.068002
3 0.291946 0.617385 0.079335 0.056669
0 0.310566 0.457903 0.055049 0.055049
