1 0.27002 0.984507 0.092402 0.030986
0 0.274127 0.890141 0.080082 0.095775
1 0.970226 0.987324 0.059548 0.025352
0 0.376796 0.885915 0.067762 0.087324
0 0.968173 0.874648 0.063655 0.092958
3 0.867557 0.985916 0.067762 0.028168
0 0.768994 0.883098 0.067762 0.092958
0 0.858316 0.867605 0.065708 0.095775
6 0.969199 0.195775 0.061601 0.104225
0 0.570842 0.745071 0.069815 0.098592
0 0.472279 0.883098 0.069815 0.098592
6 0.274127 0.188732 0.071869 0.101408
8 0.484599 0.053521 0.073922 0.107042
6 0.382957 0.195775 0.063655 0.104225
6 0.777207 0.201409 0.063655 0.098592
7 0.27002 0.050705 0.092402 0.101409
6 0.567762 0.47324 0.063655 0.090141
0 0.673511 0.615493 0.069815 0.092958
6 0.86653 0.198592 0.065708 0.098592
6 0.671458 0.343662 0.069815 0.095775
7 0.967146 0.050705 0.065709 0.101409
2 0.76694 0.98169 0.071869 0.03662
2 0.475359 0.98169 0.071869 0.03662
10 0.575975 0.056338 0.080082 0.112676
3 0.579055 0.888732 0.069815 0.115493
11 0.376796 0.057746 0.071869 0.115493
6 0.475359 0.191549 0.063655 0.095775
8 0.76694 0.053521 0.075975 0.107042
5 0.578028 0.980282 0.088295 0.039436
4 0.669404 0.985916 0.069815 0.028168
11 0.673511 0.187324 0.086243 0.115493
9 0.671458 0.059155 0.082136 0.11831
