7 0.899091 0.099759 0.108111 0.09661
11 0.345884 0.335533 0.082808 0.09891
0 0.901391 0.79098 0.089709 0.089709
6 0.106659 0.223971 0.078208 0.073607
8 0.337834 0.114711 0.09431 0.085108
10 0.113561 0.689769 0.105811 0.121913
7 0.104359 0.105509 0.110412 0.09891
6 0.88989 0.221672 0.085108 0.082808
6 0.225122 0.221672 0.071307 0.078208
6 0.773728 0.215921 0.078208 0.075908
6 0.663317 0.217071 0.073607 0.078208
0 0.219372 0.574758 0.082808 0.080509
3 0.79098 0.664467 0.117312 0.089709
6 0.335533 0.223971 0.071307 0.078208
1 0.215921 0.79558 0.09891 0.121913
0 0.336683 0.792129 0.078208 0.09201
0 0.662166 0.677118 0.075908 0.087409
2 0.219372 0.443644 0.09201 0.089709
2 0.342434 0.911742 0.080509 0.124213
9 0.557506 0.10321 0.09661 0.09891
0 0.772578 0.782929 0.085108 0.09661
4 0.560956 0.912892 0.089709 0.131113
8 0.784079 0.904841 0.09431 0.124213
