1 0.028976 0.961253 0.057951 0.077495
3 0.828604 0.95933 0.10967 0.081341
2 0.143613 0.446019 0.116194 0.122745
5 0.411587 0.95394 0.118323 0.09212
4 0.545659 0.953752 0.127573 0.092496
0 0.948081 0.826828 0.103838 0.106389
0 0.824001 0.837333 0.107912 0.087982
0 0.696752 0.834239 0.122177 0.125164
0 0.543678 0.705821 0.117156 0.111509
0 0.271597 0.843578 0.11559 0.115239
6 0.287843 0.304305 0.104453 0.100229
6 0.405245 0.423268 0.114169 0.110837
6 0.536858 0.17921 0.084425 0.106832
6 0.651154 0.172704 0.093429 0.090419
6 0.794296 0.170103 0.098616 0.107215
7 0.92112 0.050923 0.139103 0.101846
7 0.048512 0.061115 0.097025 0.122231
8 0.281487 0.055891 0.115266 0.111782
8 0.650574 0.046965 0.106199 0.09393
11 0.804767 0.049758 0.111749 0.099517
9 0.538696 0.04952 0.114875 0.09904
10 0.401212 0.05465 0.130967 0.1093
11 0.404674 0.570267 0.111723 0.128445
6 0.924631 0.139117 0.108757 0.094861
6 0.143184 0.291159 0.10517 0.10308
6 0.037486 0.191688 0.074972 0.110432
2 0.672834 0.55658 0.122096 0.130115
0 0.028176 0.838899 0.056353 0.136209
0 0.140309 0.843697 0.104674 0.141952
3 0.2807 0.70727 0.120001 0.123673
1 0.9503 0.942293 0.0994 0.115414
