7 0.963607 0.043678 0.072785 0.087357
11 0.238924 0.277012 0.117088 0.094253
0 0.971519 0.728736 0.056962 0.082758
4 0.689873 0.849426 0.13924 0.135632
6 0.966772 0.16092 0.066455 0.082758
6 0.074367 0.16092 0.098101 0.078161
6 0.829114 0.155172 0.107595 0.075862
0 0.066456 0.513793 0.113923 0.085057
6 0.677215 0.157471 0.101266 0.08046
8 0.384493 0.172414 0.117088 0.087356
6 0.226266 0.164367 0.098101 0.08046
1 0.066456 0.736782 0.132911 0.117241
3 0.85443 0.603448 0.164557 0.094253
0 0.675633 0.614942 0.10443 0.085057
9 0.528481 0.045977 0.126582 0.091954
10 0.218354 0.622989 0.126582 0.124138
2 0.063291 0.38046 0.120253 0.085057
2 0.237341 0.852873 0.120253 0.11954
0 0.226266 0.733333 0.11076 0.091954
8 0.844937 0.843678 0.132912 0.11954
0 0.830697 0.724138 0.117088 0.091954
