6 0.965156 0.355564 0.069688 0.113621
0 0.794391 0.902692 0.108294 0.105297
6 0.328904 0.130486 0.096972 0.107464
0 0.642178 0.604388 0.099194 0.102192
0 0.57129 0.469715 0.102968 0.101469
0 0.434009 0.533363 0.096919 0.101416
1 0.021514 0.761602 0.043028 0.132758
0 0.747554 0.64542 0.106849 0.112844
0 0.056212 0.531459 0.110569 0.106073
6 0.466637 0.434009 0.09997 0.104467
6 0.213706 0.081021 0.10907 0.107572
6 0.608937 0.359375 0.105297 0.108294
6 0.868097 0.314451 0.101522 0.109017
6 0.685098 0.500925 0.09997 0.104467
0 0.209219 0.447777 0.100693 0.100693
11 0.384589 0.26505 0.1205 0.117502
5 0.236557 0.721255 0.116832 0.130322
2 0.204986 0.8324 0.111453 0.120446
7 0.251044 0.019293 0.151842 0.038585
1 0.528354 0.944613 0.11983 0.110774
3 0.458738 0.799601 0.109178 0.11967
3 0.354834 0.76542 0.109124 0.113621
2 0.397499 0.644092 0.106073 0.110569
9 0.917253 0.188987 0.137523 0.161504
11 0.27572 0.234255 0.127271 0.113782
10 0.586202 0.079847 0.129091 0.148577
8 0.541624 0.203063 0.111453 0.120446
7 0.810712 0.151368 0.127539 0.144026
8 0.65535 0.245675 0.119054 0.12505
4 0.645547 0.958692 0.137362 0.082616
