1 0.031162 0.934039 0.062324 0.131921
1 0.935082 0.956407 0.129835 0.087186
0 0.032812 0.794789 0.065624 0.108868
0 0.143998 0.820178 0.118236 0.106295
0 0.280752 0.827649 0.10654 0.100771
0 0.538958 0.713693 0.104585 0.111324
0 0.675982 0.844638 0.105194 0.115762
0 0.809421 0.861048 0.11004 0.104945
0 0.941057 0.861587 0.117885 0.103471
3 0.549722 0.425626 0.099807 0.139469
3 0.800448 0.966687 0.119092 0.066627
11 0.832343 0.053494 0.121515 0.106989
2 0.027137 0.043625 0.054274 0.087249
8 0.548521 0.327021 0.109073 0.138203
8 0.673659 0.053021 0.124218 0.106043
7 0.94662 0.054772 0.106761 0.109543
5 0.274247 0.292624 0.114017 0.137355
4 0.534718 0.95848 0.115344 0.08304
9 0.121593 0.042691 0.147046 0.085381
6 0.023144 0.288571 0.046288 0.101844
6 0.142201 0.283009 0.102196 0.104905
6 0.667575 0.326471 0.116679 0.118723
6 0.551096 0.172709 0.104645 0.124237
6 0.81998 0.183791 0.126666 0.123175
6 0.951893 0.169634 0.096214 0.123946
