11 0.360904 0.349654 0.065456 0.079775
7 0.851829 0.141012 0.090003 0.092048
0 0.854897 0.754667 0.075684 0.075684
1 0.146126 0.869216 0.081821 0.112504
5 0.453975 0.869216 0.079775 0.112504
2 0.654436 0.86308 0.075684 0.104321
6 0.150216 0.254538 0.069548 0.065457
0 0.249424 0.563411 0.075684 0.073638
0 0.453975 0.753644 0.067502 0.07773
7 0.148171 0.149193 0.098185 0.087957
4 0.553183 0.866147 0.07773 0.114549
0 0.156353 0.667732 0.073638 0.073638
6 0.741371 0.247379 0.069548 0.067502
6 0.847738 0.252493 0.073638 0.073638
8 0.356814 0.152262 0.07773 0.07773
0 0.354768 0.75978 0.069548 0.081821
6 0.256583 0.25147 0.065456 0.071593
6 0.644209 0.249424 0.067502 0.071593
10 0.444771 0.452954 0.073638 0.077729
0 0.642163 0.657505 0.071593 0.07773
6 0.353746 0.254538 0.063411 0.069548
6 0.546025 0.451931 0.071593 0.071593
1 0.758758 0.868193 0.092048 0.102276
8 0.248401 0.343518 0.081821 0.071593
3 0.550115 0.764894 0.075684 0.112504
0 0.745462 0.751599 0.07773 0.081821
2 0.355791 0.865125 0.067502 0.108413
9 0.553183 0.149193 0.073638 0.087957
