1 0.167587 0.847946 0.088398 0.134246
1 0.821363 0.847946 0.095764 0.128767
0 0.174033 0.689041 0.075507 0.117808
0 0.270719 0.70274 0.073665 0.106849
0 0.364641 0.70411 0.066298 0.109589
0 0.541437 0.573973 0.066298 0.112329
0 0.632596 0.715068 0.071823 0.104109
0 0.724678 0.719178 0.071823 0.095891
0 0.820442 0.720548 0.071823 0.115069
3 0.630755 0.569863 0.071823 0.126027
5 0.366483 0.150685 0.077348 0.126027
4 0.538674 0.857534 0.079189 0.142466
6 0.174954 0.160274 0.069981 0.095891
6 0.270719 0.149315 0.073665 0.10137
6 0.550644 0.039726 0.066298 0.079452
6 0.544199 0.304109 0.064457 0.09863
6 0.726519 0.038356 0.071823 0.076712
6 0.821363 0.026027 0.069982 0.052055
