11 0.796875 0.918269 0.079327 0.105769
7 0.088942 0.921875 0.105769 0.108173
5 0.554087 0.066106 0.09375 0.132212
11 0.330529 0.664663 0.079327 0.108173
0 0.081731 0.200721 0.086538 0.088942
1 0.918269 0.0625 0.110577 0.125
6 0.911058 0.788462 0.081731 0.076923
4 0.438702 0.067308 0.088942 0.129808
10 0.560096 0.911058 0.091346 0.096154
7 0.915865 0.91226 0.110577 0.098558
0 0.903846 0.197115 0.086538 0.096154
6 0.091346 0.790865 0.086538 0.086538
8 0.326923 0.913462 0.096154 0.096154
8 0.669471 0.909856 0.09375 0.088942
6 0.216346 0.795673 0.076923 0.081731
0 0.788462 0.197115 0.081731 0.091346
6 0.671875 0.788462 0.074519 0.081731
6 0.786058 0.792067 0.076923 0.084135
6 0.329327 0.793269 0.076923 0.086538
6 0.558894 0.793269 0.074519 0.086538
0 0.555288 0.201923 0.076923 0.091346
2 0.317308 0.069712 0.091346 0.125
6 0.44351 0.792067 0.074519 0.084135
0 0.671875 0.192308 0.079327 0.091346
1 0.075721 0.072115 0.112981 0.14423
3 0.68149 0.313702 0.084135 0.108173
0 0.324519 0.201923 0.081731 0.091346
9 0.438702 0.909856 0.098558 0.098558
0 0.21274 0.204327 0.088942 0.096154
3 0.204327 0.061298 0.086538 0.112981
0 0.448317 0.204327 0.084135 0.096154
2 0.668269 0.069712 0.081731 0.125
