7 0.917067 0.082933 0.112981 0.098558
0 0.917067 0.802885 0.088942 0.091346
8 0.217548 0.436298 0.098558 0.088942
6 0.088942 0.210337 0.081731 0.079327
7 0.088942 0.08774 0.115385 0.103365
10 0.336538 0.808894 0.096154 0.132212
6 0.908654 0.209135 0.086538 0.086538
6 0.213942 0.209135 0.076923 0.081731
6 0.786058 0.201923 0.076923 0.081731
6 0.669471 0.205529 0.079327 0.084135
6 0.329327 0.211538 0.076923 0.081731
4 0.680288 0.814904 0.096154 0.134615
0 0.669471 0.683894 0.084135 0.088942
0 0.788462 0.798077 0.086538 0.096154
2 0.21274 0.579327 0.088942 0.096154
3 0.564904 0.805288 0.105769 0.105769
9 0.561298 0.08774 0.098558 0.103365
