0 0.528571 0.601562 0.128571 0.103125
0 0.994643 0.89375 0.010714 0.112499
0 0.694642 0.734376 0.117857 0.10625
0 0.860714 0.74375 0.121429 0.112499
0 0.369642 0.737499 0.117857 0.1
6 0.707143 0.589063 0.121429 0.109375
6 0.873215 0.432812 0.117857 0.109375
6 0.998215 0.282813 0.00357 0.115625
6 0.532142 0.448438 0.121429 0.109376
7 0.716071 0.104688 0.139286 0.153124
3 0.175 0.745312 0.142857 0.115625
11 0.041072 0.104688 0.082143 0.140625
8 0.044643 0.578125 0.089285 0.11875
2 0.0375 0.737499 0.075 0.112499
6 0.044643 0.282813 0.089286 0.115625
9 0.369642 0.114062 0.146429 0.171876
