0 0.789663 0.796875 0.084135 0.084135
0 0.092548 0.782452 0.084135 0.079327
0 0.444712 0.447115 0.081731 0.076923
6 0.086538 0.206731 0.086538 0.091346
0 0.552885 0.550481 0.076923 0.081731
1 0.913462 0.914663 0.110577 0.103365
0 0.227163 0.778846 0.079327 0.086538
0 0.91226 0.674279 0.088942 0.079327
6 0.55649 0.450721 0.079327 0.084135
6 0.320913 0.209135 0.074519 0.086538
6 0.213942 0.203125 0.076923 0.084135
0 0.335337 0.552885 0.079327 0.076923
6 0.444712 0.334135 0.081731 0.081731
8 0.663462 0.070913 0.086538 0.108173
1 0.329327 0.921875 0.086538 0.103365
7 0.91226 0.069712 0.112981 0.125
2 0.673077 0.911058 0.086538 0.100962
11 0.683894 0.314904 0.09375 0.091346
11 0.793269 0.319712 0.096154 0.091346
6 0.908654 0.19351 0.086538 0.084135
5 0.554087 0.911058 0.084135 0.120192
3 0.552885 0.800481 0.081731 0.091346
8 0.436298 0.203125 0.079327 0.103365
3 0.447115 0.796875 0.081731 0.09375
10 0.555288 0.070913 0.096154 0.122596
6 0.78125 0.205529 0.072115 0.088942
2 0.554087 0.664663 0.084135 0.088942
7 0.320913 0.075721 0.088942 0.132212
9 0.204327 0.069712 0.105769 0.134615
4 0.206731 0.915865 0.105769 0.115385
