7 0.790348 0.024669 0.135823 0.049338
0 0.963858 0.680626 0.072284 0.111765
6 0.816233 0.110645 0.10649 0.10649
7 0.03046 0.21384 0.060921 0.127447
6 0.038262 0.330514 0.076524 0.098258
8 0.209632 0.51429 0.117682 0.116007
0 0.676083 0.509866 0.109449 0.109449
6 0.146705 0.296004 0.095941 0.099292
6 0.584117 0.16867 0.0989 0.10225
6 0.695836 0.135246 0.0953 0.096975
10 0.633706 0.784744 0.119318 0.152824
6 0.258549 0.267533 0.095941 0.099292
9 0.449079 0.08633 0.122564 0.125914
2 0.243802 0.655734 0.117041 0.11369
0 0.859014 0.711143 0.116648 0.119999
4 0.840061 0.606643 0.152145 0.155496
