1 0.183089 0.820606 0.083154 0.079458
0 0.186785 0.729136 0.072067 0.062828
1 0.827998 0.824302 0.083154 0.079458
0 0.279179 0.726364 0.06098 0.057284
0 0.815063 0.718973 0.064676 0.06098
3 0.720821 0.828922 0.06098 0.092394
0 0.632123 0.724516 0.06098 0.06098
0 0.712505 0.714353 0.059132 0.062828
6 0.816911 0.273636 0.064676 0.068371
0 0.453803 0.633971 0.062828 0.064676
0 0.365105 0.724516 0.062828 0.064676
6 0.186785 0.269016 0.064676 0.066523
8 0.376192 0.172002 0.066523 0.08685
6 0.284723 0.273636 0.057284 0.068371
6 0.639514 0.277332 0.057284 0.064676
7 0.183089 0.169231 0.083154 0.085002
6 0.451031 0.455651 0.057284 0.059132
0 0.546197 0.548969 0.062828 0.06098
6 0.719897 0.275484 0.059132 0.064676
6 0.544349 0.370649 0.062828 0.062828
7 0.820606 0.169231 0.079458 0.085002
2 0.630275 0.815987 0.064676 0.077611
2 0.367877 0.815063 0.064676 0.075763
10 0.458422 0.172002 0.072067 0.094241
3 0.461194 0.728212 0.062828 0.075763
11 0.279179 0.172002 0.064676 0.097937
6 0.367877 0.270864 0.057284 0.062828
8 0.630275 0.172002 0.068371 0.08685
5 0.46027 0.815987 0.079458 0.081306
4 0.542501 0.827998 0.062828 0.090546
11 0.546197 0.268092 0.077611 0.075763
9 0.544349 0.172002 0.073915 0.101633
