7 0.912260 0.078125 0.103365 0.108173
11 0.336538 0.325721 0.076923 0.093750
1 0.084135 0.932692 0.096154 0.134615
11 0.670673 0.334135 0.081731 0.105769
5 0.444712 0.933894 0.091346 0.132212
2 0.681490 0.927885 0.088942 0.120192
0 0.917067 0.799279 0.088942 0.093750
6 0.087740 0.211538 0.079327 0.076923
0 0.445913 0.796875 0.079327 0.093750
0 0.097356 0.802885 0.084135 0.096154
8 0.329327 0.097356 0.096154 0.088942
4 0.564904 0.927885 0.091346 0.134615
7 0.085337 0.087740 0.112981 0.098558
0 0.542067 0.558894 0.079327 0.084135
6 0.908654 0.209135 0.086538 0.086538
6 0.784856 0.203125 0.074519 0.084135
10 0.439904 0.092548 0.091346 0.098558
0 0.210337 0.802885 0.084135 0.091346
6 0.329327 0.212740 0.072115 0.084135
6 0.213942 0.207933 0.076923 0.084135
6 0.670673 0.204327 0.076923 0.086538
6 0.554087 0.441106 0.079327 0.084135
8 0.673077 0.086538 0.096154 0.091346
6 0.441106 0.207933 0.074519 0.088942
1 0.921875 0.927885 0.103365 0.134615
3 0.319712 0.687500 0.086538 0.110577
0 0.667067 0.685096 0.084135 0.091346
0 0.329327 0.805288 0.081731 0.091346
0 0.788462 0.793269 0.086538 0.096154
9 0.556490 0.082933 0.098558 0.098558
3 0.557692 0.814904 0.086538 0.134615
2 0.334135 0.937500 0.096154 0.125000
