1 0.154836 0.945795 0.179045 0.10841
1 0.900991 0.923963 0.198018 0.152074
0 0.057777 0.783267 0.115554 0.127974
0 0.388632 0.62087 0.135672 0.128627
0 0.538894 0.777898 0.150864 0.141931
0 0.71721 0.775115 0.164645 0.130193
0 0.915151 0.767728 0.164283 0.137856
3 0.441083 0.310925 0.143401 0.15598
8 0.23249 0.018603 0.129399 0.037206
5 0.174804 0.218537 0.162202 0.121591
4 0.320092 0.944826 0.188312 0.110347
9 0.081677 0.03694 0.154466 0.07388
6 0.036196 0.371171 0.072391 0.118507
6 0.481676 0.076876 0.111567 0.124787
6 0.775267 0.04791 0.119689 0.09582
6 0.935823 0.02514 0.128354 0.050281
