7 0.086538 0.921875 0.105769 0.108173
11 0.663462 0.674279 0.076923 0.09375
1 0.917067 0.067308 0.09375 0.134615
0 0.081731 0.198317 0.086538 0.09375
4 0.4375 0.067308 0.091346 0.134615
5 0.551683 0.066106 0.098558 0.132212
0 0.552885 0.201923 0.081731 0.091346
11 0.329327 0.665865 0.081731 0.105769
0 0.903846 0.198317 0.086538 0.09375
6 0.91226 0.788462 0.079327 0.076923
2 0.316106 0.072115 0.088942 0.120192
6 0.091346 0.792067 0.086538 0.084135
7 0.914663 0.911058 0.112981 0.100962
8 0.671875 0.902644 0.088942 0.088942
0 0.457933 0.441106 0.079327 0.084135
6 0.330529 0.796875 0.079327 0.084135
6 0.78726 0.790865 0.074519 0.081731
6 0.213942 0.798077 0.076923 0.081731
6 0.670673 0.786058 0.072115 0.081731
8 0.78726 0.438702 0.103365 0.09375
0 0.331731 0.317308 0.081731 0.091346
0 0.788462 0.198317 0.081731 0.088942
10 0.557692 0.905048 0.091346 0.09375
6 0.44351 0.557692 0.079327 0.086538
6 0.558894 0.794471 0.074519 0.088942
0 0.671875 0.192308 0.079327 0.091346
3 0.680288 0.3125 0.086538 0.110577
1 0.078125 0.074519 0.103365 0.134615
0 0.215144 0.206731 0.088942 0.096154
3 0.44351 0.1875 0.084135 0.134615
9 0.438702 0.909856 0.088942 0.098558
2 0.665865 0.0625 0.091346 0.125
