11 0.146991 0.020487 0.080012 0.040973
11 0.787656 0.040613 0.094049 0.081226
7 0.926939 0.04108 0.116852 0.08216
0 0.938062 0.936016 0.108067 0.127967
1 0.041716 0.951651 0.083432 0.096699
5 0.402779 0.975709 0.100766 0.048581
6 0.037544 0.11443 0.075089 0.099178
8 0.281057 0.018854 0.104201 0.037707
7 0.041222 0.013635 0.082444 0.027271
0 0.045747 0.835643 0.091493 0.129005
6 0.781057 0.157846 0.08641 0.130945
6 0.918153 0.1704 0.110201 0.116224
10 0.398779 0.02307 0.099692 0.046139
0 0.156086 0.847815 0.094996 0.116707
6 0.163144 0.122081 0.080917 0.102139
6 0.278807 0.12498 0.078015 0.114865
6 0.40102 0.132224 0.088292 0.122068
2 0.66611 0.993199 0.099907 0.013603
6 0.652355 0.160059 0.09671 0.12028
6 0.527174 0.149128 0.086321 0.10282
0 0.400415 0.874231 0.096287 0.136112
4 0.531813 0.984764 0.110768 0.030471
8 0.656834 0.036524 0.115679 0.073047
0 0.655705 0.908622 0.087046 0.135233
0 0.280627 0.871843 0.088091 0.120058
0 0.782715 0.918131 0.117146 0.135981
3 0.271585 0.718028 0.099877 0.158006
9 0.529189 0.031062 0.113724 0.062124
0 0.521861 0.888936 0.102215 0.142011
2 0.286561 0.970038 0.095048 0.059924
