1 0.060096 0.929087 0.115385 0.122596
1 0.913462 0.929087 0.125000 0.122596
0 0.068510 0.788462 0.088942 0.091346
0 0.193510 0.804087 0.093750 0.088942
0 0.319712 0.802885 0.091346 0.086538
0 0.551683 0.689904 0.084135 0.096154
0 0.668269 0.813702 0.091346 0.093750
0 0.788462 0.813702 0.096154 0.093750
0 0.913462 0.814904 0.100962 0.091346
3 0.551683 0.439904 0.084135 0.120192
11 0.804087 0.064904 0.098558 0.125000
2 0.069712 0.084135 0.105769 0.115385
8 0.317308 0.069712 0.096154 0.120192
8 0.677885 0.060096 0.096154 0.115385
7 0.912260 0.066106 0.122596 0.127404
5 0.194712 0.318510 0.115385 0.103365
4 0.543269 0.943510 0.100962 0.112981
9 0.191106 0.069712 0.112981 0.134615
6 0.069712 0.325721 0.091346 0.084135
6 0.201923 0.451923 0.086538 0.086538
6 0.555288 0.206731 0.081731 0.096154
6 0.793269 0.205529 0.086538 0.098558
6 0.912260 0.182692 0.093750 0.091346
