1 0.060096 0.929087 0.115385 0.117788
1 0.913462 0.929087 0.120192 0.122596
0 0.548077 0.691106 0.091346 0.084135
0 0.667067 0.813702 0.09375 0.088942
0 0.78726 0.813702 0.09375 0.098558
0 0.91226 0.817308 0.103365 0.096154
0 0.314904 0.804087 0.096154 0.088942
0 0.191106 0.804087 0.09375 0.098558
0 0.06851 0.788462 0.09375 0.096154
3 0.552885 0.436298 0.091346 0.117788
11 0.801683 0.066106 0.09375 0.127404
8 0.319712 0.069712 0.096154 0.120192
8 0.675481 0.064904 0.096154 0.125
7 0.913462 0.066106 0.125 0.127404
5 0.317308 0.324519 0.100962 0.110577
4 0.542067 0.942308 0.103365 0.115384
9 0.183894 0.069712 0.117788 0.134615
6 0.072115 0.324519 0.091346 0.086538
6 0.200721 0.451923 0.084135 0.086538
6 0.555288 0.209135 0.086538 0.091346
6 0.789663 0.205529 0.088942 0.09375
6 0.91226 0.182692 0.098558 0.096154
