7 0.879009 0.231818 0.148688 0.096364
6 0.569971 0.338182 0.107871 0.069091
6 0.708455 0.339091 0.110787 0.074546
6 0.860059 0.339091 0.12245 0.067272
1 0.858601 0.885454 0.142857 0.087273
0 0.555394 0.788182 0.09621 0.063637
0 0.695335 0.787273 0.102041 0.061818
0 0.854228 0.788182 0.110787 0.06
2 0.139942 0.89 0.110787 0.092727
2 0.569971 0.882728 0.119534 0.081818
8 0.120992 0.243637 0.113703 0.08
8 0.571429 0.238182 0.116618 0.087273
3 0.014577 0.891818 0.029154 0.089091
3 0.708455 0.881818 0.12245 0.090909
11 0.725948 0.232728 0.12245 0.101818
11 0.020408 0.231818 0.040816 0.096364
10 0.290088 0.235454 0.113703 0.103636
9 0.422741 0.232728 0.12245 0.101818
5 0.272595 0.889091 0.125364 0.094546
4 0.422741 0.889091 0.110787 0.094546
6 0.021866 0.34 0.043732 0.065454
6 0.137027 0.340909 0.110787 0.067273
6 0.282799 0.338182 0.099126 0.065454
6 0.415452 0.343636 0.102041 0.065454
0 0.024781 0.788182 0.049562 0.067272
0 0.132653 0.791818 0.107871 0.063637
0 0.276968 0.778182 0.110787 0.061818
0 0.424199 0.794545 0.107871 0.061818
