0 0.917067 0.802885 0.088942 0.091346
7 0.919471 0.084135 0.117788 0.100962
8 0.216346 0.437500 0.091346 0.086538
10 0.338942 0.808894 0.086538 0.137019
6 0.088942 0.210337 0.081731 0.079327
6 0.908654 0.209135 0.086538 0.086538
7 0.088942 0.088942 0.115385 0.100962
6 0.786058 0.201923 0.076923 0.081731
6 0.670673 0.203125 0.076923 0.084135
6 0.212740 0.209135 0.074519 0.081731
6 0.328125 0.211538 0.074519 0.081731
0 0.670673 0.683894 0.081731 0.088942
3 0.564904 0.806490 0.105769 0.103365
2 0.212740 0.579327 0.088942 0.096154
4 0.801683 0.695913 0.117788 0.117788
9 0.558894 0.087740 0.098558 0.103365
0 0.788462 0.800481 0.091346 0.096154
