0 0.405079 0.966993 0.124307 0.066013
0 0.490559 0.911269 0.108838 0.108597
0 0.968118 0.429027 0.063764 0.115393
3 0.965934 0.617245 0.068132 0.142014
0 0.824848 0.596529 0.112115 0.112115
0 0.892343 0.515575 0.111995 0.112235
6 0.600897 0.032367 0.122187 0.064735
0 0.574832 0.668478 0.117152 0.117272
0 0.570704 0.833313 0.117152 0.117272
6 0.028665 0.557903 0.05733 0.120669
8 0.091301 0.297605 0.140332 0.141654
6 0.094368 0.475452 0.115152 0.115873
6 0.435331 0.16435 0.111875 0.112356
6 0.414065 0.501214 0.106959 0.107079
0 0.587394 0.505642 0.113874 0.113754
6 0.5102 0.091309 0.113634 0.113994
6 0.427505 0.337558 0.115513 0.115513
2 0.904203 0.685228 0.130381 0.131222
2 0.653636 0.917036 0.128742 0.129463
10 0.169567 0.224686 0.152163 0.153605
3 0.665438 0.751621 0.126983 0.127824
11 0.036584 0.383634 0.073168 0.150568
6 0.171055 0.399074 0.110236 0.110597
8 0.333134 0.072291 0.142091 0.143293
5 0.742395 0.835983 0.147728 0.147848
4 0.831312 0.774496 0.140092 0.141894
11 0.338319 0.238307 0.141054 0.140934
9 0.251351 0.148489 0.160477 0.162279
