7 0.922916 0.210438 0.095833 0.070707
11 0.422916 0.382155 0.075 0.070707
0 0.923958 0.714647 0.077083 0.062289
6 0.20625 0.301346 0.070834 0.053872
7 0.20625 0.215488 0.1 0.070707
6 0.916667 0.299664 0.075 0.060606
8 0.517708 0.309765 0.08125 0.063973
6 0.314583 0.299664 0.066667 0.057239
6 0.810417 0.295455 0.066667 0.055556
6 0.709375 0.295455 0.06875 0.058923
3 0.829166 0.623737 0.104166 0.069024
0 0.307292 0.557239 0.077083 0.060606
6 0.414583 0.30303 0.066667 0.057239
2 0.305208 0.458754 0.077083 0.062289
1 0.304167 0.722222 0.0875 0.084175
0 0.414583 0.718855 0.070834 0.06734
0 0.710417 0.632155 0.070834 0.062289
2 0.415625 0.803872 0.06875 0.092593
10 0.515625 0.804713 0.08125 0.097643
9 0.613541 0.214646 0.085417 0.07239
4 0.71875 0.72138 0.083333 0.092593
0 0.813541 0.711279 0.077083 0.069024
