1 0.060096 0.927885 0.115385 0.120192
3 0.179087 0.933894 0.088942 0.132212
3 0.789663 0.94351 0.088942 0.11298
2 0.682692 0.936298 0.096154 0.117788
2 0.314904 0.93149 0.096154 0.127404
5 0.433894 0.932692 0.103365 0.125
4 0.549279 0.939904 0.103365 0.120192
0 0.920673 0.813702 0.096154 0.088942
0 0.790865 0.813702 0.086538 0.079327
0 0.673077 0.811298 0.091346 0.09375
0 0.549279 0.802885 0.088942 0.091346
0 0.426683 0.799279 0.084135 0.088942
0 0.3125 0.80649 0.081731 0.084135
6 0.311298 0.21274 0.09375 0.088942
6 0.433894 0.21274 0.088942 0.09375
6 0.5625 0.210337 0.081731 0.09375
6 0.673077 0.209135 0.081731 0.086538
6 0.795673 0.207933 0.086538 0.09375
7 0.918269 0.066106 0.115385 0.127404
7 0.085337 0.075721 0.112981 0.122596
8 0.316106 0.081731 0.098558 0.110577
8 0.667067 0.075721 0.098558 0.117788
11 0.804087 0.064904 0.09375 0.125
9 0.558894 0.067308 0.098558 0.129808
10 0.442308 0.070913 0.091346 0.137019
