0 0.913462 0.674279 0.086538 0.079327
0 0.78125 0.560096 0.081731 0.081731
0 0.667067 0.555288 0.079327 0.081731
1 0.085337 0.919471 0.112981 0.103365
0 0.555288 0.450721 0.086538 0.079327
0 0.448317 0.555288 0.079327 0.076923
6 0.090144 0.195913 0.084135 0.084135
11 0.441106 0.447115 0.084135 0.091346
6 0.78726 0.322115 0.079327 0.081731
6 0.675481 0.441106 0.081731 0.084135
9 0.555288 0.072115 0.096154 0.139423
6 0.555288 0.334135 0.081731 0.086538
7 0.323317 0.069712 0.098558 0.115385
4 0.686298 0.913462 0.09375 0.115385
6 0.913462 0.206731 0.086538 0.091346
2 0.438702 0.31851 0.084135 0.098558
