8 0.33359375 0.253125 0.078125 0.084375
6 0.79375 0.30859375 0.075 0.0671875
6 0.70234375 0.3109375 0.075 0.06953125
6 0.50625 0.38984375 0.0734375 0.06484375
6 0.321875 0.328125 0.0796875 0.06796875
6 0.4140625 0.459375 0.075 0.05625
6 0.22421875 0.45625 0.084375 0.0609375
6 0.12890625 0.39609375 0.08515625 0.06015625
4 0.74375 0.7796875 0.08671875 0.06796875
9 0.69609375 0.22578125 0.0640625 0.10390625
0 0.51796875 0.45703125 0.06875 0.0578125
0 0.72890625 0.68515625 0.0734375 0.06328125
0 0.85546875 0.68984375 0.084375 0.065625
0 0.61484375 0.6859375 0.075 0.05390625
0 0.29765625 0.60234375 0.07734375 0.05234375
0 0.09375 0.6859375 0.096875 0.05234375
0 0.303125 0.68984375 0.0828125 0.05859375
1 0.0671875 0.7796875 0.1203125 0.06796875
1 0.61640625 0.78671875 0.0796875 0.06640625
5 0.39765625 0.69140625 0.096875 0.06484375
7 0.13515625 0.2625 0.096875 0.07734375
7 0.60625 0.24765625 0.08046875 0.0890625
2 0.196875 0.60859375 0.11328125 0.05234375
2 0.60703125 0.52578125 0.07265625 0.0609375
10 0.415625 0.2421875 0.075 0.08984375
11 0.30859375 0.38125 0.0875 0.07421875
