7 0.978694 0.016732 0.042611 0.033463
11 0.295699 0.281978 0.109773 0.131118
0 0.986318 0.882683 0.027365 0.112822
6 0.015207 0.134088 0.030413 0.097576
6 0.981744 0.13104 0.036512 0.109773
7 0.024354 0.021305 0.048709 0.04261
8 0.43444 0.149335 0.118921 0.115872
6 0.137137 0.13104 0.097576 0.103675
6 0.861338 0.124941 0.106725 0.103675
0 0.126466 0.597576 0.112822 0.109773
6 0.714973 0.124941 0.100626 0.103675
10 0.422244 0.574707 0.118921 0.131118
6 0.283502 0.135613 0.097576 0.100626
3 0.887256 0.721072 0.158562 0.12502
1 0.123416 0.896404 0.131118 0.152463
0 0.283502 0.890305 0.103675 0.121971
2 0.129515 0.423769 0.12502 0.109773
2 0.289601 0.984793 0.115872 0.030414
0 0.718022 0.736318 0.106725 0.118921
9 0.574707 0.021305 0.12502 0.04261
4 0.728694 0.894879 0.134167 0.179907
0 0.865912 0.876584 0.109773 0.12502
