11 0.292456 0.379947 0.102778 0.112487
7 0.774753 0.02231 0.129932 0.044619
0 0.964905 0.66784 0.07019 0.110622
1 0.225221 0.978719 0.12988 0.042562
0 0.239031 0.65544 0.109936 0.108318
6 0.036933 0.340812 0.073865 0.097045
4 0.683824 0.894226 0.129633 0.160376
7 0.026918 0.224341 0.053836 0.129001
2 0.800515 0.860742 0.128508 0.149543
8 0.220633 0.155535 0.119838 0.113366
0 0.167002 0.801035 0.10925 0.106015
6 0.689119 0.132695 0.097045 0.100281
6 0.808677 0.104628 0.107632 0.107632
0 0.714086 0.629391 0.104397 0.110869
6 0.579217 0.167921 0.097045 0.100281
6 0.1425 0.301692 0.097731 0.102585
0 0.460481 0.569451 0.101653 0.101653
6 0.254117 0.272225 0.092437 0.09891
6 0.535035 0.428122 0.104643 0.104643
8 0.161845 0.408798 0.116163 0.108072
1 0.911693 0.821375 0.125957 0.155082
10 0.3518 0.625632 0.113805 0.128368
3 0.643305 0.783392 0.113067 0.147046
0 0.422032 0.840486 0.107387 0.113859
5 0.536516 0.816437 0.1239 0.148171
0 0.860833 0.701078 0.114984 0.11822
9 0.442275 0.087044 0.121649 0.126503
2 0.466667 0.945701 0.121596 0.108599
