11 0.335337 0.325721 0.079327 0.09375
7 0.91226 0.079327 0.103365 0.105769
0 0.917067 0.799279 0.088942 0.088942
1 0.084135 0.933894 0.096154 0.132212
0 0.205529 0.574519 0.088942 0.086538
6 0.088942 0.210337 0.081731 0.079327
4 0.563702 0.930288 0.09375 0.139423
7 0.085337 0.088942 0.112981 0.100962
6 0.907452 0.209135 0.088942 0.086538
0 0.096154 0.694712 0.086538 0.086538
2 0.685096 0.93149 0.091346 0.127404
8 0.331731 0.090144 0.091346 0.088942
6 0.784856 0.203125 0.084135 0.079327
0 0.668269 0.682692 0.081731 0.091346
6 0.669471 0.204327 0.079327 0.081731
6 0.213942 0.207933 0.076923 0.084135
1 0.802885 0.933894 0.110577 0.122596
6 0.328125 0.210337 0.074519 0.084135
6 0.435096 0.554087 0.076923 0.084135
10 0.31851 0.576923 0.088942 0.100962
8 0.203125 0.316106 0.09375 0.084135
3 0.557692 0.811298 0.081731 0.127404
0 0.329327 0.807692 0.081731 0.091346
5 0.444712 0.808894 0.081731 0.132212
9 0.5625 0.086538 0.091346 0.105769
2 0.335337 0.936298 0.098558 0.127404
