11 0.336538 0.323317 0.076923 0.093750
7 0.913462 0.078125 0.105769 0.108173
0 0.917067 0.799279 0.088942 0.088942
1 0.084135 0.933894 0.096154 0.132212
5 0.445913 0.933894 0.093750 0.132212
2 0.681490 0.926683 0.088942 0.122596
6 0.088942 0.211538 0.081731 0.076923
0 0.205529 0.574519 0.088942 0.086538
0 0.445913 0.798077 0.079327 0.091346
7 0.086538 0.087740 0.115385 0.103365
4 0.562500 0.930288 0.091346 0.134615
0 0.096154 0.697115 0.086538 0.086538
6 0.783654 0.203125 0.081731 0.079327
6 0.908654 0.209135 0.086538 0.086538
8 0.331731 0.091346 0.091346 0.091346
0 0.329327 0.805288 0.081731 0.096154
6 0.213942 0.207933 0.076923 0.084135
6 0.669471 0.205529 0.079327 0.084135
10 0.435096 0.444712 0.086538 0.091346
0 0.667067 0.685096 0.084135 0.091346
6 0.328125 0.211538 0.074519 0.081731
6 0.554087 0.443510 0.084135 0.084135
1 0.804087 0.932692 0.108173 0.120192
8 0.204327 0.316106 0.096154 0.084135
3 0.558894 0.811298 0.088942 0.132212
0 0.788462 0.795673 0.091346 0.096154
2 0.330529 0.929087 0.079327 0.127404
9 0.562500 0.087740 0.086538 0.103365
