7 0.017353 0.203745 0.034706 0.147105
7 0.790488 0.021827 0.153467 0.043654
6 0.585486 0.171872 0.111034 0.112665
6 0.695403 0.140928 0.115368 0.120262
6 0.815362 0.105789 0.121893 0.113737
1 0.972266 0.800507 0.055467 0.14615
1 0.204957 0.984954 0.15144 0.030091
0 0.741199 0.746212 0.099779 0.103042
0 0.852746 0.712285 0.106024 0.102762
0 0.961338 0.676948 0.077324 0.101806
2 0.450305 0.950013 0.122125 0.099973
2 0.787872 0.862793 0.124992 0.131517
8 0.195083 0.155978 0.119702 0.127858
8 0.549812 0.057921 0.125388 0.115841
3 0.319486 0.971241 0.125388 0.057517
3 0.897113 0.829541 0.130678 0.143727
11 0.669713 0.040352 0.134732 0.080703
11 0.079481 0.176062 0.132705 0.150648
10 0.326519 0.10871 0.128487 0.157848
9 0.429794 0.07549 0.134732 0.150981
5 0.557238 0.932304 0.134336 0.135391
4 0.673738 0.904992 0.122801 0.145638
