0 0.73316 0.44877 0.093264 0.069672
0 0.851036 0.534836 0.085492 0.07377
0 0.965026 0.540983 0.069948 0.07377
0 0.229274 0.4375 0.095855 0.071722
1 0.361399 0.845287 0.106218 0.088114
0 0.61658 0.536885 0.088083 0.065574
6 0.858808 0.439549 0.085492 0.071722
6 0.730569 0.346312 0.088083 0.07377
6 0.968912 0.33709 0.062176 0.071722
11 0.612694 0.229509 0.090674 0.090164
7 0.48057 0.121927 0.106218 0.100409
9 0.73316 0.125 0.103627 0.118852
6 0.23057 0.229509 0.093264 0.077869
2 0.606218 0.338114 0.093264 0.086066
4 0.873057 0.846311 0.103627 0.098361
6 0.357513 0.339139 0.093264 0.071722
