0 0.943223 0.959509 0.113555 0.080983
0 0.804466 0.956137 0.110701 0.087725
0 0.676664 0.951086 0.109824 0.097828
0 0.541999 0.942458 0.11194 0.115084
0 0.271121 0.936902 0.114459 0.118099
6 0.329378 0.137787 0.115828 0.127346
6 0.443604 0.455722 0.117499 0.14244
6 0.605349 0.157987 0.108975 0.130029
6 0.725544 0.171916 0.106135 0.12545
6 0.863811 0.173285 0.093944 0.126086
7 0.965625 0.048105 0.06875 0.09621
7 0.101681 0.01352 0.141956 0.027039
8 0.361107 0.027718 0.128691 0.055437
8 0.735215 0.035828 0.120914 0.071657
11 0.881676 0.042061 0.112604 0.084122
9 0.613029 0.035155 0.126759 0.070309
10 0.487204 0.023104 0.125495 0.046208
11 0.422068 0.624636 0.12587 0.151553
6 0.969284 0.14815 0.061433 0.121918
6 0.214667 0.11693 0.113632 0.121818
6 0.068271 0.117403 0.125301 0.136839
2 0.703471 0.626238 0.141259 0.169015
0 0.032459 0.90773 0.064918 0.151988
0 0.135941 0.928586 0.120351 0.142828
3 0.29438 0.780891 0.124637 0.146137
