11 0.661058 0.669471 0.091346 0.098558
7 0.08774 0.924279 0.103365 0.108173
4 0.4375 0.069712 0.091346 0.129808
0 0.082933 0.199519 0.088942 0.086538
6 0.911058 0.786058 0.081731 0.076923
0 0.793269 0.427885 0.091346 0.086538
7 0.913462 0.911058 0.115385 0.100962
6 0.091346 0.790865 0.086538 0.086538
8 0.669471 0.905048 0.098558 0.088942
0 0.903846 0.304087 0.086538 0.088942
6 0.213942 0.796875 0.081731 0.079327
6 0.78726 0.790865 0.074519 0.081731
2 0.31851 0.072115 0.088942 0.120192
10 0.915865 0.173077 0.110577 0.129808
6 0.330529 0.793269 0.079327 0.081731
6 0.670673 0.788462 0.072115 0.081731
3 0.19351 0.330529 0.122596 0.098558
0 0.330529 0.314904 0.079327 0.091346
0 0.671875 0.194712 0.084135 0.096154
2 0.663462 0.067308 0.091346 0.125
1 0.793269 0.189904 0.091346 0.115385
0 0.213942 0.205529 0.091346 0.098558
8 0.201923 0.079327 0.096154 0.120192
9 0.441106 0.914663 0.098558 0.103365
