7 0.086538 0.078125 0.105769 0.108173
11 0.664663 0.325721 0.079327 0.09375
0 0.082933 0.799279 0.088942 0.088942
1 0.915865 0.932692 0.096154 0.134615
5 0.554087 0.933894 0.09375 0.132212
6 0.911058 0.211538 0.081731 0.076923
8 0.668269 0.08774 0.096154 0.088942
2 0.31851 0.927885 0.088942 0.120192
11 0.561298 0.44351 0.09375 0.079327
4 0.4375 0.926683 0.091346 0.137019
0 0.905048 0.694712 0.088942 0.086538
7 0.913462 0.088942 0.115385 0.100962
0 0.457933 0.558894 0.079327 0.084135
6 0.091346 0.209135 0.086538 0.086538
0 0.554087 0.798077 0.079327 0.091346
6 0.213942 0.204327 0.076923 0.081731
6 0.78726 0.209135 0.074519 0.081731
0 0.789663 0.802885 0.084135 0.091346
6 0.329327 0.204327 0.076923 0.081731
0 0.674279 0.805288 0.079327 0.096154
0 0.331731 0.685096 0.081731 0.091346
1 0.200721 0.927885 0.098558 0.110577
10 0.557692 0.091346 0.096154 0.105769
6 0.44351 0.442308 0.084135 0.086538
6 0.671875 0.211538 0.074519 0.081731
8 0.907452 0.441106 0.108173 0.088942
3 0.44351 0.8125 0.084135 0.134615
0 0.211538 0.793269 0.091346 0.096154
2 0.669471 0.929087 0.079327 0.127404
9 0.438702 0.088942 0.088942 0.105769
