7 0.91226 0.078125 0.103365 0.108173
0 0.917067 0.801683 0.088942 0.088942
11 0.335337 0.325721 0.079327 0.09375
1 0.084135 0.93149 0.096154 0.132212
5 0.445913 0.933894 0.09375 0.132212
6 0.088942 0.213942 0.081731 0.076923
2 0.68149 0.927885 0.088942 0.120192
4 0.561298 0.927885 0.09375 0.134615
7 0.086538 0.08774 0.115385 0.103365
6 0.908654 0.209135 0.086538 0.086538
0 0.096154 0.694712 0.086538 0.086538
0 0.445913 0.798077 0.079327 0.091346
6 0.786058 0.204327 0.076923 0.081731
9 0.433894 0.444712 0.088942 0.091346
8 0.330529 0.096154 0.098558 0.086538
0 0.211538 0.805288 0.081731 0.091346
6 0.21274 0.209135 0.074519 0.081731
0 0.325721 0.804087 0.079327 0.09375
6 0.669471 0.205529 0.079327 0.084135
0 0.668269 0.685096 0.081731 0.091346
6 0.328125 0.210337 0.074519 0.084135
6 0.554087 0.441106 0.084135 0.084135
1 0.799279 0.927885 0.098558 0.110577
8 0.092548 0.441106 0.108173 0.088942
3 0.560096 0.8125 0.086538 0.134615
0 0.788462 0.793269 0.091346 0.096154
9 0.558894 0.082933 0.098558 0.098558
2 0.334135 0.936298 0.091346 0.127404
