0 0.057816 0.798746 0.092852 0.101317
0 0.996226 0.93502 0.007548 0.129961
0 0.663033 0.892672 0.137803 0.136514
0 0.836778 0.901126 0.144755 0.150618
6 0.958084 0.119619 0.083833 0.117901
0 0.334224 0.682768 0.108828 0.131363
0 0.18893 0.814628 0.110831 0.125617
6 0.015765 0.16143 0.03153 0.090715
8 0.221297 0.045966 0.103585 0.091933
6 0.10188 0.15899 0.087641 0.088202
6 0.63555 0.139311 0.128362 0.104293
7 0.01915 0.050333 0.038299 0.100665
6 0.322799 0.414369 0.090986 0.102647
0 0.483568 0.567526 0.118719 0.114065
6 0.795112 0.129286 0.12696 0.116031
6 0.482022 0.292654 0.112446 0.110675
7 0.944539 0.014642 0.110922 0.029284
2 0.673612 0.985643 0.151756 0.028714
2 0.189361 0.944825 0.112946 0.110349
10 0.337255 0.04469 0.112728 0.08938
3 0.342387 0.842693 0.109446 0.14431
11 0.091775 0.053619 0.094743 0.107238
6 0.20983 0.148985 0.083616 0.08365
8 0.612906 0.02655 0.126254 0.0531
5 0.342571 0.952373 0.148261 0.095254
4 0.493882 0.976351 0.125501 0.047299
11 0.476931 0.138554 0.136237 0.120742
9 0.470073 0.040495 0.126196 0.080989
