0 0.572049 0.48285 0.113814 0.110887
0 0.78023 0.849002 0.11593 0.112027
0 0.622549 0.624757 0.109747 0.111698
0 0.719073 0.686333 0.113003 0.114954
0 0.428274 0.52415 0.106325 0.10535
1 0.059638 0.732002 0.119276 0.13775
6 0.28347 0.047429 0.113979 0.094858
11 0.331683 0.201754 0.136609 0.133683
6 0.837837 0.478632 0.109747 0.111698
6 0.682416 0.531408 0.107631 0.110558
6 0.972243 0.436933 0.055515 0.119351
9 0.753784 0.150704 0.150789 0.168351
7 0.549662 0.056351 0.143618 0.112702
2 0.533771 0.310666 0.115284 0.119187
6 0.628336 0.383475 0.110723 0.110723
4 0.46662 0.94178 0.139385 0.11644
