1 0.060096 0.072115 0.115385 0.125
1 0.91226 0.072115 0.122596 0.115385
0 0.06851 0.203125 0.09375 0.084135
0 0.194712 0.197115 0.086538 0.086538
0 0.314904 0.195913 0.091346 0.09375
0 0.551683 0.307692 0.084135 0.091346
0 0.669471 0.188702 0.088942 0.088942
0 0.788462 0.186298 0.086538 0.084135
0 0.915865 0.185096 0.100962 0.091346
3 0.55649 0.560096 0.088942 0.115385
3 0.78726 0.060096 0.103365 0.120192
11 0.802885 0.930288 0.091346 0.134615
2 0.067308 0.914663 0.115385 0.112981
8 0.304087 0.793269 0.098558 0.105769
8 0.66226 0.93149 0.084135 0.127404
7 0.91226 0.932692 0.122596 0.129808
5 0.427885 0.070913 0.100962 0.117788
4 0.543269 0.060096 0.100962 0.120192
9 0.435096 0.802885 0.100962 0.134615
6 0.070913 0.680288 0.09375 0.086538
6 0.198317 0.685096 0.084135 0.081731
6 0.555288 0.790865 0.091346 0.096154
6 0.671875 0.789663 0.084135 0.088942
6 0.793269 0.794471 0.086538 0.09375
6 0.913462 0.814904 0.091346 0.086538
