7 0.849192 0.163289 0.082585 0.092343
0 0.85009 0.836712 0.066427 0.083333
6 0.231598 0.282658 0.061042 0.074324
7 0.229802 0.168919 0.086176 0.094595
10 0.410233 0.855855 0.077199 0.126126
8 0.500897 0.293919 0.068222 0.083333
6 0.843806 0.281532 0.064632 0.081081
6 0.752244 0.277027 0.057451 0.076577
6 0.666068 0.278153 0.057451 0.078829
6 0.324955 0.281532 0.057451 0.076577
6 0.411131 0.28491 0.057451 0.074324
11 0.315081 0.621621 0.08079 0.103604
4 0.673249 0.846847 0.071813 0.126126
2 0.318672 0.5 0.070018 0.085585
9 0.582585 0.165541 0.073609 0.096846
0 0.66517 0.724099 0.062837 0.083333
0 0.755835 0.832207 0.064632 0.092343
3 0.587074 0.844594 0.078994 0.103604
2 0.406643 0.50563 0.070018 0.087838
