7 0.958222 0.030556 0.083557 0.061111
11 0.322933 0.345732 0.096599 0.137683
0 0.928985 0.834854 0.101515 0.104584
0 0.17755 0.654218 0.093149 0.123197
6 0.047286 0.236881 0.082922 0.111458
7 0.056761 0.084138 0.113522 0.139152
4 0.555787 0.969332 0.106295 0.061337
8 0.32415 0.06895 0.130733 0.126001
6 0.957068 0.150767 0.085864 0.114443
1 0.180621 0.99161 0.100767 0.01678
0 0.057095 0.795946 0.099684 0.114061
2 0.674846 0.963126 0.11243 0.073749
6 0.836464 0.149841 0.107675 0.112795
6 0.699255 0.171808 0.102193 0.106669
6 0.186027 0.214636 0.100006 0.112979
0 0.682734 0.733438 0.11203 0.118099
6 0.319019 0.211493 0.088497 0.108055
1 0.808585 0.959722 0.126784 0.080557
10 0.300545 0.641496 0.117309 0.139023
8 0.425829 0.609626 0.094661 0.125907
0 0.308866 0.901537 0.089862 0.121643
3 0.550609 0.896474 0.095703 0.164748
0 0.80069 0.843437 0.104799 0.126979
9 0.581638 0.052691 0.114911 0.105382
2 0.312675 0.984972 0.105824 0.030057
