1 0.927885 0.075721 0.110577 0.103365
0 0.090144 0.199519 0.09375 0.081731
0 0.210337 0.203125 0.079327 0.079327
1 0.086538 0.080529 0.110577 0.103365
0 0.911058 0.213942 0.086538 0.081731
0 0.439904 0.325721 0.081731 0.084135
3 0.788462 0.073317 0.081731 0.122596
0 0.671875 0.207933 0.079327 0.079327
0 0.324519 0.207933 0.081731 0.084135
6 0.914663 0.793269 0.084135 0.091346
0 0.776442 0.21875 0.076923 0.081731
0 0.560096 0.436298 0.081731 0.079327
6 0.447115 0.794471 0.076923 0.088942
6 0.219952 0.794471 0.074519 0.088942
8 0.33774 0.930288 0.088942 0.115385
6 0.090144 0.804087 0.084135 0.084135
6 0.328125 0.799279 0.079327 0.084135
6 0.557692 0.668269 0.081731 0.086538
7 0.08774 0.935096 0.108173 0.125
6 0.786058 0.794471 0.076923 0.088942
11 0.801683 0.93149 0.079327 0.132212
8 0.683894 0.930288 0.088942 0.115385
6 0.68149 0.788462 0.074519 0.081731
2 0.669471 0.090144 0.084135 0.103365
3 0.215144 0.073317 0.079327 0.117788
2 0.328125 0.090144 0.084135 0.098558
4 0.557692 0.069712 0.081731 0.120192
11 0.210337 0.929087 0.084135 0.132212
7 0.919471 0.930288 0.103365 0.115385
5 0.448317 0.088942 0.103365 0.105769
10 0.447115 0.925481 0.091346 0.125
9 0.558894 0.929087 0.088942 0.127404
