1 0.18046875 0.1875 0.08046875 0.07890625
6 0.53359375 0.4328125 0.06796875 0.0609375
6 0.7265625 0.43125 0.07578125 0.06640625
6 0.85234375 0.49921875 0.078125 0.06484375
6 0.6328125 0.578125 0.0796875 0.06015625
6 0.43515625 0.5 0.075 0.05546875
6 0.2203125 0.58203125 0.08515625 0.05859375
6 0.12578125 0.57734375 0.09140625 0.05625
4 0.4515625 0.165625 0.06796875 0.1171875
9 0.41171875 0.66015625 0.08046875 0.05859375
0 0.1734375 0.2484375 0.08046875 0.06953125
0 0.2703125 0.25078125 0.07109375 0.07109375
0 0.359375 0.2484375 0.06796875 0.071875
0 0.62578125 0.2359375 0.06328125 0.07265625
0 0.63515625 0.30546875 0.06875 0.06796875
0 0.8109375 0.23671875 0.065625 0.0734375
0 0.43046875 0.434375 0.07109375 0.06015625
1 0.8125 0.16640625 0.07734375 0.0875
5 0.53828125 0.171875 0.06640625 0.10390625
7 0.88671875 0.6609375 0.1015625 0.0703125
7 0.084375 0.65703125 0.115625 0.0671875
2 0.628125 0.16484375 0.065625 0.08828125
2 0.72109375 0.2859375 0.07265625 0.09296875
8 0.63046875 0.6578125 0.07578125 0.05859375
10 0.52890625 0.6625 0.08046875 0.06640625
11 0.1921875 0.653125 0.11796875 0.0640625
