11 0.3885 0.358327 0.109058 0.146842
0 0.9509 0.870592 0.0982 0.093736
6 0.100025 0.211141 0.110864 0.106239
7 0.105329 0.066548 0.143409 0.133096
6 0.24683 0.20711 0.11136 0.115224
6 0.921141 0.208806 0.12926 0.112473
6 0.791718 0.207568 0.116062 0.101334
6 0.384913 0.214796 0.096468 0.100318
10 0.205135 0.898668 0.111137 0.16033
0 0.220035 0.643331 0.095249 0.092849
8 0.521325 0.23762 0.118032 0.111059
3 0.867078 0.738472 0.151174 0.111271
2 0.226537 0.488897 0.13281 0.122686
0 0.712933 0.749241 0.098299 0.105086
9 0.671809 0.062144 0.137741 0.124288
4 0.718108 0.88654 0.133263 0.144763
0 0.340485 0.873979 0.105399 0.09958
2 0.596826 0.748685 0.112821 0.118067
0 0.818397 0.873594 0.112283 0.105726
