1 0.949653 0.966307 0.100694 0.067385
0 0.006945 0.857143 0.013889 0.097035
0 0.125 0.858491 0.131944 0.105121
0 0.467014 0.733154 0.121528 0.102426
0 0.637153 0.866577 0.128472 0.09973
0 0.809028 0.869272 0.124999 0.09434
0 0.960069 0.87062 0.079862 0.102426
3 0.473958 0.450135 0.128472 0.12938
3 0.807292 0.971698 0.149305 0.056603
11 0.829862 0.055256 0.131944 0.110512
8 0.109376 0.18868 0.142362 0.118598
8 0.626737 0.052561 0.121528 0.105122
7 0.949653 0.052561 0.100694 0.105122
5 0.288195 0.966308 0.145834 0.067385
4 0.454861 0.971698 0.145834 0.056603
9 0.298611 0.177897 0.145834 0.150943
6 0.00868 0.309973 0.017361 0.091644
6 0.472222 0.191375 0.131944 0.107817
6 0.640625 0.192723 0.121528 0.09973
6 0.815972 0.187332 0.124999 0.105121
6 0.961806 0.16442 0.076388 0.097035
