11 0.48517 0.265844 0.13095 0.133258
0 0.624433 0.968405 0.125329 0.063191
6 0.37164 0.035127 0.112069 0.070254
6 0.968555 0.540229 0.06289 0.123491
6 0.46876 0.093238 0.111492 0.112069
6 0.908365 0.457536 0.117006 0.116717
6 0.820289 0.38486 0.113041 0.113907
10 0.075844 0.556628 0.151687 0.176609
8 0.639724 0.257796 0.129005 0.128428
0 0.225275 0.369016 0.12378 0.123491
6 0.553882 0.171283 0.111492 0.112069
3 0.625537 0.832198 0.150195 0.147887
2 0.312814 0.265174 0.129005 0.128428
0 0.51211 0.752299 0.126879 0.127167
9 0.812294 0.220919 0.141977 0.142554
0 0.17027 0.624474 0.126302 0.127745
2 0.39808 0.344912 0.128717 0.128717
4 0.434877 0.85697 0.170731 0.174771
0 0.525961 0.914889 0.129977 0.130843
