11 0.402532 0.28094 0.105951 0.114768
7 0.981113 0.239311 0.037774 0.137151
0 0.79406 0.920763 0.113425 0.113425
1 0.017019 0.769758 0.034037 0.156635
6 0.208018 0.091435 0.102633 0.099693
0 0.197491 0.472535 0.112627 0.111157
4 0.41951 0.922857 0.139254 0.154287
7 0.245316 0.020483 0.140091 0.040967
2 0.530618 0.945075 0.131527 0.109851
0 0.054798 0.549601 0.109597 0.110359
6 0.96343 0.361295 0.073141 0.110359
6 0.868391 0.314927 0.098895 0.100365
8 0.477338 0.057526 0.115692 0.114223
6 0.325592 0.130267 0.097426 0.101834
6 0.759151 0.277755 0.099693 0.102633
0 0.599546 0.731258 0.107421 0.113298
1 0.643197 0.96723 0.141939 0.06554
6 0.433636 0.170839 0.097426 0.101834
10 0.303266 0.51231 0.123546 0.130893
2 0.202164 0.853887 0.123128 0.14664
3 0.451076 0.812796 0.119391 0.147312
0 0.238056 0.730181 0.108219 0.115566
8 0.415761 0.536611 0.113551 0.11943
0 0.675142 0.871266 0.117288 0.118758
9 0.692415 0.130672 0.127283 0.130222
