1 0.304087 0.066106 0.103365 0.127404
1 0.914663 0.927885 0.127404 0.120192
0 0.06851 0.78726 0.09375 0.09375
0 0.19351 0.566106 0.088942 0.084135
0 0.316106 0.804087 0.088942 0.084135
0 0.549279 0.6875 0.088942 0.086538
0 0.784856 0.567308 0.088942 0.086538
0 0.669471 0.813702 0.09375 0.09375
0 0.914663 0.816106 0.098558 0.084135
11 0.802885 0.067308 0.096154 0.129808
8 0.78726 0.194712 0.108173 0.115385
7 0.913462 0.066106 0.129808 0.127404
5 0.319712 0.563702 0.100962 0.108173
4 0.543269 0.938702 0.100962 0.122596
9 0.667067 0.192308 0.103365 0.129808
6 0.555288 0.203125 0.086538 0.09375
6 0.796875 0.448317 0.084135 0.084135
6 0.911058 0.183894 0.091346 0.09375
