7 0.771614 0.02032 0.138156 0.040641
0 0.966396 0.663104 0.067209 0.113904
7 0.02605 0.231158 0.0521 0.13261
6 0.035837 0.347692 0.071674 0.100271
6 0.80199 0.099497 0.108595 0.108595
8 0.211061 0.527041 0.113904 0.112337
6 0.572842 0.168145 0.100996 0.104131
6 0.683283 0.130715 0.097254 0.098822
6 0.139581 0.308873 0.097979 0.101114
10 0.643884 0.779739 0.123085 0.154437
6 0.249903 0.279044 0.095687 0.10039
0 0.71816 0.623905 0.104737 0.109439
4 0.847063 0.597027 0.148535 0.150103
9 0.435345 0.088072 0.124285 0.132123
2 0.253022 0.663782 0.11837 0.119938
0 0.86603 0.696917 0.113786 0.118489
