0 0.519246 0.430117 0.116195 0.114303
0 0.938482 0.411579 0.123037 0.1236
0 0.666499 0.451862 0.112948 0.11421
0 0.127583 0.681381 0.115565 0.114934
0 0.765195 0.391787 0.118274 0.118905
0 0.487119 0.572815 0.108883 0.108252
6 0.450191 0.333185 0.116289 0.11755
6 0.611752 0.352441 0.110963 0.112855
6 0.634979 0.18817 0.112948 0.11421
11 0.280582 0.278679 0.130469 0.136775
6 0.106715 0.416242 0.114303 0.116195
7 0.109898 0.248187 0.147171 0.153478
4 0.884951 0.737867 0.142476 0.148152
6 0.674546 0.043095 0.1236 0.08619
2 0.34743 0.387302 0.127034 0.130188
6 0.025927 0.480207 0.051855 0.128296
9 0.302139 0.114093 0.153315 0.164036
