7 0.068510 0.064904 0.112981 0.120192
7 0.929087 0.070913 0.122596 0.127404
6 0.674279 0.209135 0.088942 0.091346
6 0.788462 0.210337 0.091346 0.098558
6 0.913462 0.210337 0.100962 0.088942
1 0.912260 0.935096 0.117788 0.115385
1 0.063702 0.939904 0.122596 0.120192
0 0.662260 0.806490 0.079327 0.084135
0 0.780048 0.802885 0.084135 0.081731
0 0.908654 0.806490 0.091346 0.079327
2 0.319712 0.938702 0.091346 0.122596
2 0.674279 0.931490 0.098558 0.108173
8 0.306490 0.086538 0.093750 0.105769
8 0.675481 0.079327 0.096154 0.115385
3 0.185096 0.941106 0.096154 0.117788
3 0.788462 0.930288 0.100962 0.120192
11 0.802885 0.072115 0.100962 0.134615
11 0.188702 0.073317 0.103365 0.127404
