0 0.927249 0.671322 0.097883 0.068901
0 0.539682 0.497207 0.089947 0.05959
0 0.785714 0.581005 0.089947 0.070763
0 0.660053 0.577282 0.087302 0.063315
0 0.420635 0.577282 0.084656 0.063315
1 0.041005 0.859404 0.08201 0.080074
6 0.167989 0.308194 0.08201 0.068901
0 0.037037 0.671322 0.074074 0.057728
6 0.037037 0.300744 0.074074 0.065177
6 0.932539 0.308194 0.092593 0.068901
6 0.793651 0.397579 0.089947 0.065177
6 0.542328 0.405959 0.084656 0.067039
6 0.417989 0.497207 0.084656 0.063315
6 0.669312 0.489758 0.084656 0.067039
5 0.280423 0.764432 0.095238 0.083799
3 0.539682 0.767225 0.095238 0.078213
2 0.287037 0.854749 0.092593 0.078213
1 0.666667 0.86406 0.100529 0.078213
7 0.041005 0.20298 0.08201 0.09311
10 0.415344 0.206704 0.10582 0.096834
11 0.154762 0.400372 0.108466 0.070763
2 0.420635 0.665735 0.095238 0.068901
9 0.537037 0.204841 0.089947 0.108007
0 0.165344 0.485102 0.092593 0.068901
8 0.412699 0.309125 0.100529 0.078213
8 0.548942 0.308194 0.092593 0.07635
4 0.800264 0.858473 0.119047 0.089386
11 0.146825 0.209497 0.129629 0.083799
3 0.140212 0.673185 0.132275 0.068901
7 0.679894 0.20298 0.111112 0.096834
