1 0.30744 0.055061 0.101702 0.110122
1 0.919639 0.931164 0.122828 0.119022
0 0.187468 0.56414 0.099014 0.099342
0 0.058794 0.785355 0.094923 0.117845
0 0.30823 0.796096 0.095151 0.089767
0 0.543363 0.687294 0.10201 0.106026
0 0.662566 0.807205 0.091814 0.090145
0 0.788553 0.810422 0.100477 0.099293
0 0.920627 0.81813 0.104731 0.097265
3 0.311806 0.290701 0.106502 0.141742
11 0.813568 0.057838 0.107017 0.115676
8 0.792675 0.179322 0.10396 0.121729
7 0.919002 0.059548 0.116839 0.119096
5 0.063483 0.068633 0.126894 0.137267
4 0.545001 0.940507 0.108253 0.118987
9 0.430437 0.436171 0.09991 0.110786
6 0.065135 0.306867 0.096586 0.09543
6 0.190554 0.442636 0.093297 0.087219
6 0.553957 0.191242 0.093563 0.112219
6 0.920232 0.168707 0.105563 0.110434
6 0.799108 0.437439 0.090652 0.086151
