1 0.257611 0.735104 0.063578 0.064902
1 0.727157 0.736429 0.064902 0.062253
0 0.26291 0.662255 0.050332 0.046359
0 0.331785 0.665566 0.050332 0.047683
0 0.399998 0.667553 0.051657 0.049007
0 0.528478 0.6053 0.049007 0.046359
0 0.591392 0.670202 0.050332 0.051657
0 0.659605 0.674838 0.049007 0.047683
0 0.729805 0.672851 0.051657 0.049007
3 0.332447 0.4649 0.051657 0.064902
3 0.658944 0.745038 0.05563 0.060928
11 0.468874 0.52914 0.043709 0.063578
11 0.667553 0.26026 0.049007 0.068875
2 0.261585 0.271519 0.063578 0.064902
8 0.397349 0.26291 0.051657 0.063578
8 0.590068 0.262247 0.050332 0.067551
7 0.727157 0.26026 0.064902 0.068875
5 0.460264 0.735766 0.05563 0.068875
4 0.521854 0.742389 0.056954 0.066226
9 0.461588 0.26291 0.052981 0.074173
6 0.264234 0.338408 0.050332 0.050332
6 0.332447 0.399336 0.049007 0.047683
6 0.52914 0.337083 0.050332 0.050332
6 0.594041 0.339732 0.047683 0.047683
6 0.661592 0.337083 0.047683 0.050332
6 0.727157 0.327149 0.049007 0.049007
