2 0.224697 0.394905 0.165992 0.127389
0 0.97166 0.995223 0.056679 0.009554
0 0.821862 0.992038 0.153846 0.015924
0 0.617409 0.888535 0.149797 0.121019
0 0.218624 0.988854 0.153846 0.022292
6 0.410932 0.552548 0.149797 0.124204
6 0.621458 0.250001 0.141701 0.124204
6 0.803644 0.248408 0.141701 0.114649
6 0.97166 0.246816 0.05668 0.124204
8 0.220648 0.079618 0.165992 0.146497
8 0.803644 0.070064 0.165992 0.140128
11 0.981782 0.070064 0.036437 0.140128
9 0.621458 0.073249 0.165992 0.146497
10 0.410932 0.224523 0.165992 0.15605
11 0.406883 0.694267 0.157895 0.133759
6 0.042511 0.374204 0.085021 0.111465
2 0.807692 0.716561 0.174088 0.133759
0 0.046559 0.985669 0.093118 0.028662
3 0.224697 0.87102 0.157895 0.136942
