0 0.088942 0.325721 0.086538 0.079327
1 0.907452 0.800481 0.108173 0.096154
0 0.221154 0.439904 0.081731 0.086538
0 0.332933 0.444712 0.079327 0.081731
0 0.444712 0.549279 0.086538 0.079327
0 0.550481 0.444712 0.076923 0.076923
6 0.09976 0.567308 0.084135 0.081731
11 0.558894 0.552885 0.084135 0.091346
6 0.21274 0.679087 0.079327 0.084135
7 0.679087 0.929087 0.098558 0.103365
6 0.324519 0.558894 0.076923 0.084135
6 0.444712 0.663462 0.081731 0.081731
4 0.314904 0.086538 0.091346 0.115385
9 0.442308 0.927885 0.091346 0.139423
2 0.561298 0.679087 0.088942 0.098558
