1 0.090144 0.917067 0.108173 0.103365
0 0.092548 0.798077 0.09375 0.081731
0 0.21274 0.795673 0.079327 0.076923
1 0.926683 0.921875 0.108173 0.103365
0 0.911058 0.784856 0.086538 0.079327
0 0.671875 0.793269 0.079327 0.081731
3 0.786058 0.927885 0.081731 0.120192
0 0.776442 0.778846 0.076923 0.081731
0 0.439904 0.674279 0.081731 0.084135
0 0.324519 0.792067 0.081731 0.084135
6 0.91226 0.205529 0.084135 0.088942
6 0.221154 0.206731 0.076923 0.086538
8 0.338942 0.073317 0.086538 0.112981
6 0.786058 0.205529 0.076923 0.084135
6 0.092548 0.198317 0.084135 0.084135
6 0.436298 0.44351 0.074519 0.079327
7 0.088942 0.069712 0.110577 0.110577
0 0.558894 0.564904 0.079327 0.081731
6 0.68149 0.207933 0.074519 0.084135
11 0.801683 0.070913 0.079327 0.132212
6 0.558894 0.332933 0.079327 0.084135
6 0.328125 0.201923 0.074519 0.081731
8 0.683894 0.073317 0.088942 0.112981
2 0.329327 0.911058 0.081731 0.100962
2 0.670673 0.911058 0.086538 0.100962
7 0.918269 0.070913 0.100962 0.112981
10 0.445913 0.074519 0.09375 0.120192
3 0.449519 0.796875 0.081731 0.098558
11 0.213942 0.073317 0.086538 0.127404
4 0.554087 0.926683 0.079327 0.117788
5 0.449519 0.911058 0.100962 0.105769
9 0.560096 0.070913 0.086538 0.141827
