6 0.42578125 0.69921875 0.0734375 0.0578125
6 0.7625 0.61015625 0.08515625 0.06328125
6 0.23828125 0.253125 0.08671875 0.06953125
6 0.22890625 0.3140625 0.08203125 0.0640625
4 0.853125 0.28046875 0.1 0.10234375
9 0.115625 0.30390625 0.11640625 0.0921875
0 0.21875 0.46328125 0.0875 0.05390625
0 0.73046875 0.30234375 0.08671875 0.06796875
0 0.73828125 0.37890625 0.08046875 0.0671875
0 0.73046875 0.22265625 0.07734375 0.07578125
1 0.86875 0.3734375 0.1015625 0.084375
1 0.2125 0.6171875 0.109375 0.05703125
7 0.11640625 0.38671875 0.1203125 0.07890625
7 0.79609375 0.7875 0.1140625 0.07890625
2 0.425 0.29921875 0.0796875 0.08828125
11 0.428125 0.459375 0.0875 0.0734375
