6 0.982463 0.131682 0.035073 0.114722
0 0.979445 0.859262 0.041111 0.102646
6 0.146777 0.130172 0.09057 0.111703
0 0.71133 0.566419 0.096608 0.102646
0 0.572456 0.435091 0.102646 0.099627
0 0.435091 0.566419 0.093589 0.102646
1 0.025084 0.979444 0.050168 0.041112
0 0.853223 0.572456 0.102646 0.114722
0 0.020555 0.717368 0.041111 0.102646
6 0.433581 0.435091 0.096608 0.105666
6 0.022065 0.118095 0.04413 0.105666
6 0.572456 0.28867 0.102646 0.108684
6 0.862281 0.130172 0.096608 0.111703
6 0.720388 0.426035 0.096608 0.105666
0 0.133191 0.555851 0.099627 0.099627
11 0.267537 0.267537 0.12076 0.114722
5 0.276593 0.869828 0.108684 0.135855
2 0.284141 0.976425 0.105666 0.047149
7 0.029612 0.019047 0.059225 0.038093
1 0.717368 0.980954 0.114722 0.038092
3 0.572456 0.872847 0.102646 0.12378
3 0.435091 0.874357 0.105666 0.114722
2 0.436601 0.71284 0.102646 0.111703
9 0.869828 0.023574 0.12378 0.047149
11 0.125643 0.275084 0.132836 0.105666
10 0.432072 0.022065 0.117741 0.04413
8 0.429054 0.130172 0.105666 0.12378
7 0.727934 0.017537 0.117741 0.035074
8 0.581513 0.134701 0.114722 0.126799
4 0.871337 0.974915 0.132836 0.050169
