0 0.040359 0.672974 0.080719 0.104909
1 0.026555 0.78344 0.053109 0.129739
1 0.790757 0.980229 0.135977 0.039541
0 0.141657 0.703848 0.10083 0.099204
0 0.569614 0.467897 0.10015 0.096898
0 0.437303 0.534142 0.096898 0.10015
0 0.813369 0.890637 0.106121 0.102869
6 0.962892 0.334151 0.074215 0.109106
0 0.684457 0.847612 0.099204 0.10083
0 0.585711 0.829773 0.10083 0.099204
6 0.461719 0.438589 0.099204 0.10083
8 0.466063 0.054652 0.117945 0.109303
6 0.858003 0.297305 0.098258 0.104761
6 0.602928 0.354918 0.102869 0.106121
6 0.196341 0.09343 0.10219 0.103816
6 0.755665 0.274646 0.094592 0.09947
2 0.218884 0.845664 0.109255 0.120636
7 0.229936 0.021338 0.143722 0.042675
7 0.978263 0.205239 0.043473 0.135297
11 0.375965 0.270451 0.115757 0.114132
6 0.314671 0.138347 0.096632 0.106387
10 0.568799 0.075441 0.124596 0.144106
8 0.78391 0.136364 0.119984 0.142746
5 0.333828 0.88081 0.115373 0.141386
3 0.366596 0.773935 0.104229 0.110732
2 0.402496 0.647934 0.105855 0.109106
11 0.26671 0.245753 0.118063 0.114811
3 0.469066 0.800391 0.104909 0.113038
4 0.432353 0.924899 0.117678 0.142066
9 0.676694 0.104749 0.12501 0.152649
