0 0.561045 0.458916 0.087796 0.087796
1 0.058545 0.884096 0.11709 0.111591
0 0.662487 0.565622 0.085399 0.08761
0 0.895089 0.706592 0.095356 0.093145
0 0.222202 0.413396 0.087796 0.087796
0 0.773561 0.579042 0.088538 0.097382
0 0.098495 0.407436 0.090007 0.085584
0 0.444389 0.548738 0.085028 0.082816
8 0.212925 0.53323 0.09333 0.097753
6 0.572719 0.339268 0.088167 0.092588
6 0.678212 0.455932 0.08577 0.092403
6 0.934957 0.23832 0.093145 0.095356
6 0.801424 0.343712 0.087981 0.090192
3 0.305322 0.663346 0.104943 0.093887
1 0.639906 0.935174 0.098866 0.107711
7 0.123751 0.050528 0.119895 0.101056
7 0.715451 0.083898 0.100165 0.124487
4 0.761494 0.936724 0.112334 0.126553
11 0.239712 0.052399 0.106613 0.104797
6 0.242317 0.184699 0.083558 0.094614
3 0.312016 0.545723 0.109365 0.089465
6 0.118433 0.165464 0.092774 0.090563
9 0.478915 0.071614 0.10386 0.141449
8 0.468617 0.20463 0.096655 0.109922
2 0.189113 0.778518 0.103103 0.100892
