1 0.043373 0.955819 0.086746 0.088363
1 0.928231 0.948955 0.142759 0.102091
0 0.042062 0.837135 0.084125 0.098669
0 0.171245 0.844949 0.10289 0.104561
0 0.293185 0.848372 0.092301 0.113911
0 0.556678 0.72367 0.101458 0.100109
0 0.677035 0.84613 0.104998 0.118124
0 0.806096 0.84598 0.101248 0.104397
0 0.939481 0.839002 0.121039 0.098759
3 0.563964 0.460619 0.109529 0.132467
3 0.797642 0.956036 0.119226 0.087928
11 0.82717 0.069802 0.10382 0.139605
2 0.05165 0.077043 0.103301 0.13197
8 0.29558 0.210812 0.131053 0.117946
8 0.677588 0.061772 0.09242 0.123545
7 0.939027 0.070496 0.121946 0.140992
5 0.41713 0.952395 0.123186 0.09521
4 0.540199 0.956079 0.115069 0.087843
9 0.431232 0.201274 0.108156 0.143361
6 0.042831 0.322604 0.085662 0.095283
6 0.169477 0.320519 0.101598 0.08795
6 0.563879 0.213974 0.110117 0.094943
6 0.69037 0.21476 0.104417 0.09655
6 0.817722 0.203874 0.10658 0.114393
6 0.944314 0.189018 0.102105 0.091027
