11 0.342511 0.333314 0.075871 0.089666
7 0.894299 0.097654 0.098862 0.101161
0 0.898897 0.78624 0.085067 0.085067
1 0.102253 0.914991 0.091965 0.126452
5 0.448269 0.914991 0.089666 0.126452
4 0.559777 0.911542 0.087366 0.133349
2 0.675882 0.912691 0.089666 0.121853
6 0.10685 0.224105 0.07817 0.073572
0 0.218358 0.571272 0.085067 0.082768
7 0.103403 0.10685 0.108059 0.096563
6 0.89085 0.221807 0.082768 0.082768
0 0.112599 0.686229 0.085067 0.082768
6 0.773595 0.216059 0.073572 0.075871
0 0.660938 0.674733 0.07817 0.087366
8 0.339062 0.108 0.087366 0.085067
6 0.226405 0.220657 0.073572 0.080469
6 0.662088 0.218358 0.075871 0.080469
0 0.444821 0.552879 0.07817 0.07817
6 0.336763 0.222957 0.068973 0.08047
0 0.336763 0.791988 0.07817 0.091965
6 0.552879 0.443672 0.082768 0.08047
1 0.789689 0.908094 0.10576 0.13105
10 0.331015 0.574721 0.089666 0.10346
8 0.216059 0.325267 0.089666 0.07817
0 0.775895 0.780492 0.087366 0.091965
3 0.551731 0.797736 0.080469 0.126452
2 0.339062 0.910393 0.07817 0.121853
9 0.557478 0.105701 0.087366 0.098862
