11 0.49425 0.259368 0.119701 0.121193
0 0.614883 0.968773 0.125536 0.062453
5 0.172462 0.78967 0.15776 0.16117
6 0.383264 0.033825 0.113768 0.067649
0 0.230642 0.360233 0.125536 0.125536
2 0.352443 0.932339 0.154367 0.135322
10 0.487885 0.415605 0.125322 0.125749
6 0.968005 0.551318 0.063991 0.123732
0 0.068317 0.378947 0.122142 0.122142
8 0.64078 0.084109 0.132748 0.131895
4 0.264096 0.865663 0.164332 0.168169
6 0.910905 0.466523 0.110161 0.110375
6 0.47861 0.091742 0.113341 0.113981
0 0.505381 0.748318 0.121717 0.122569
6 0.821869 0.391217 0.115145 0.115571
0 0.419948 0.49992 0.111751 0.112178
6 0.579519 0.491599 0.118751 0.118751
0 0.169968 0.614405 0.12511 0.125962
1 0.44111 0.972406 0.162218 0.055189
6 0.562663 0.169063 0.111538 0.112391
8 0.39906 0.167419 0.126176 0.124897
3 0.335902 0.775145 0.155743 0.159792
0 0.522398 0.91075 0.132109 0.132535
2 0.09 0.710546 0.145565 0.149615
9 0.81604 0.230638 0.140271 0.141337
