7 0.915865 0.081731 0.115385 0.100962
11 0.336538 0.328125 0.086538 0.103365
0 0.917067 0.801683 0.088942 0.088942
6 0.087740 0.211538 0.079327 0.076923
6 0.908654 0.209135 0.086538 0.086538
7 0.087740 0.087740 0.112981 0.103365
6 0.213942 0.209135 0.076923 0.081731
6 0.786058 0.200721 0.076923 0.079327
8 0.448317 0.224760 0.093750 0.088942
6 0.670673 0.204327 0.076923 0.081731
0 0.207933 0.576923 0.084135 0.081731
6 0.329327 0.213942 0.076923 0.081731
0 0.673077 0.685096 0.086538 0.091346
3 0.802885 0.670673 0.125000 0.096154
1 0.203125 0.810096 0.088942 0.115385
10 0.325721 0.692308 0.093750 0.129808
2 0.205529 0.438702 0.093750 0.088942
9 0.558894 0.087740 0.098558 0.103365
2 0.336538 0.933894 0.091346 0.122596
0 0.328125 0.807692 0.084135 0.096154
0 0.788462 0.794471 0.091346 0.098558
4 0.795673 0.930288 0.120192 0.139423
