1 0.035398 1.0 0.070796 0.0
0 0.033923 0.929293 0.067847 0.085859
0 0.159292 0.92803 0.100295 0.083334
0 0.581121 0.563131 0.100295 0.080808
0 0.848082 0.909091 0.097345 0.085859
0 0.980826 0.916667 0.038347 0.085859
6 0.982301 0.306818 0.035398 0.093434
6 0.166667 0.306818 0.091445 0.093434
0 0.724189 0.924242 0.097345 0.080808
0 0.29056 0.791666 0.097345 0.083333
6 0.581121 0.44192 0.100295 0.090909
6 0.861357 0.306818 0.094395 0.083333
6 0.439528 0.665404 0.088495 0.083333
8 0.312684 0.165404 0.106194 0.118687
6 0.733038 0.311869 0.091445 0.088384
7 0.979351 0.165404 0.041298 0.118687
2 0.29941 0.997475 0.103245 0.00505
6 0.030974 0.300505 0.061947 0.090909
11 0.435103 0.306818 0.109144 0.098485
7 0.038348 0.164142 0.076696 0.131313
6 0.445427 0.565656 0.100295 0.085859
5 0.446902 0.993687 0.103245 0.012626
11 0.284661 0.42298 0.115044 0.098485
10 0.445427 0.167929 0.112094 0.128788
8 0.718289 0.164142 0.109144 0.121213
3 0.448377 0.931818 0.100295 0.095959
3 0.578171 0.92803 0.100295 0.098485
4 0.578171 0.998737 0.106194 0.002525
2 0.446902 0.791666 0.103245 0.093434
9 0.579646 0.166666 0.115044 0.146465
