0 0.444712 0.448317 0.086538 0.079327
1 0.91226 0.917067 0.108173 0.103365
0 0.090144 0.675481 0.088942 0.086538
0 0.783654 0.435096 0.081731 0.081731
0 0.332933 0.552885 0.079327 0.081731
0 0.221154 0.560096 0.081731 0.086538
0 0.90625 0.438702 0.086538 0.079327
0 0.550481 0.555288 0.081731 0.081731
6 0.324519 0.441106 0.076923 0.084135
6 0.444712 0.336538 0.081731 0.081731
6 0.675481 0.557692 0.076923 0.076923
1 0.328125 0.923077 0.088942 0.100962
6 0.21274 0.322115 0.079327 0.086538
3 0.68149 0.676683 0.098558 0.084135
6 0.086538 0.205529 0.086538 0.088942
7 0.911058 0.064904 0.110577 0.125
7 0.31851 0.06851 0.09375 0.117788
4 0.205529 0.915865 0.103365 0.120192
11 0.794471 0.06851 0.098558 0.108173
8 0.436298 0.204327 0.088942 0.096154
6 0.909856 0.195913 0.084135 0.084135
8 0.55649 0.205529 0.088942 0.098558
9 0.554087 0.070913 0.09375 0.137019
3 0.560096 0.794471 0.100962 0.079327
2 0.788462 0.802885 0.096154 0.096154
6 0.777644 0.209135 0.084135 0.086538
