0 0.092548 0.199519 0.09375 0.081731
1 0.08774 0.082933 0.108173 0.103365
1 0.927885 0.076923 0.110577 0.105769
0 0.213942 0.203125 0.081731 0.079327
0 0.557692 0.550481 0.081731 0.076923
0 0.449519 0.449519 0.076923 0.081731
0 0.911058 0.213942 0.086538 0.081731
6 0.91226 0.794471 0.084135 0.088942
0 0.77524 0.21875 0.079327 0.081731
0 0.675481 0.207933 0.081731 0.079327
6 0.445913 0.548077 0.079327 0.081731
8 0.33774 0.930288 0.088942 0.115385
6 0.786058 0.795673 0.076923 0.086538
6 0.557692 0.668269 0.081731 0.086538
6 0.09375 0.804087 0.081731 0.084135
6 0.68149 0.788462 0.074519 0.081731
2 0.328125 0.088942 0.084135 0.100962
7 0.090144 0.935096 0.112981 0.125
7 0.917067 0.930288 0.103365 0.110577
11 0.316106 0.685096 0.09375 0.091346
6 0.219952 0.794471 0.074519 0.088942
10 0.445913 0.926683 0.09375 0.122596
8 0.669471 0.929087 0.088942 0.122596
5 0.448317 0.08774 0.084135 0.122596
3 0.449519 0.199519 0.081731 0.091346
2 0.448317 0.330529 0.084135 0.088942
11 0.204327 0.677885 0.096154 0.091346
3 0.555288 0.203125 0.081731 0.09375
4 0.555288 0.073317 0.086538 0.122596
9 0.557692 0.929087 0.091346 0.132212
