1 0.427885 0.060096 0.096154 0.110577
1 0.913462 0.070913 0.125 0.117788
0 0.067308 0.211538 0.096154 0.091346
0 0.191106 0.198317 0.088942 0.09375
0 0.316106 0.197115 0.088942 0.086538
0 0.550481 0.311298 0.086538 0.09375
0 0.669471 0.188702 0.084135 0.084135
0 0.788462 0.183894 0.091346 0.084135
0 0.913462 0.183894 0.096154 0.084135
3 0.551683 0.558894 0.084135 0.122596
11 0.804087 0.933894 0.09375 0.127404
8 0.31851 0.93149 0.09375 0.122596
8 0.674279 0.939904 0.09375 0.115385
7 0.91226 0.933894 0.112981 0.127404
5 0.31851 0.676683 0.108173 0.103365
4 0.542067 0.057692 0.103365 0.115385
9 0.179087 0.93149 0.112981 0.132212
6 0.069712 0.675481 0.091346 0.086538
6 0.200721 0.549279 0.084135 0.084135
6 0.554087 0.794471 0.084135 0.09375
6 0.789663 0.795673 0.084135 0.091346
6 0.91226 0.817308 0.088942 0.096154
