0 0.577289 0.429431 0.120975 0.107534
0 0.429431 0.570569 0.107534 0.114255
0 0.88981 0.584011 0.114255 0.120975
0 0.733549 0.577289 0.110894 0.114255
0 0.103469 0.409268 0.114255 0.114255
6 0.58065 0.27149 0.114255 0.114255
6 0.745312 0.41767 0.107534 0.117616
6 0.901572 0.249647 0.110894 0.117616
11 0.083306 0.247968 0.147859 0.120975
6 0.42439 0.431111 0.110894 0.110894
3 0.577289 0.915013 0.120975 0.137778
8 0.589052 0.086667 0.110894 0.141139
6 0.10851 0.088347 0.104173 0.124336
4 0.911653 0.998672 0.144498 0.002657
2 0.098428 0.926774 0.131057 0.141139
2 0.42775 0.73691 0.124335 0.124336
3 0.071897 0.745312 0.143795 0.120975
