1 0.332375 0.11457 0.08755 0.113174
1 0.868347 0.880092 0.113174 0.106767
0 0.116705 0.755174 0.083279 0.083279
0 0.225608 0.557655 0.083279 0.081143
0 0.336646 0.769054 0.083279 0.081143
0 0.544842 0.66976 0.076872 0.083279
0 0.753039 0.558722 0.079008 0.083279
0 0.648406 0.77546 0.083279 0.076872
0 0.873686 0.780798 0.089685 0.074737
11 0.521353 0.548046 0.076872 0.100362
8 0.645204 0.11457 0.089685 0.113174
7 0.875821 0.115638 0.098226 0.115309
4 0.533098 0.890769 0.100362 0.106767
9 0.774392 0.339849 0.104632 0.098226
6 0.546978 0.239488 0.081143 0.081143
6 0.76158 0.45409 0.074738 0.074738
6 0.865145 0.218134 0.081143 0.081143
