0 0.555288 0.450721 0.086538 0.079327
0 0.912260 0.674279 0.088942 0.079327
0 0.667067 0.551683 0.079327 0.084135
0 0.781250 0.560096 0.081731 0.086538
0 0.448317 0.555288 0.079327 0.076923
1 0.215144 0.917067 0.098558 0.103365
6 0.090144 0.195913 0.084135 0.084135
11 0.210337 0.317308 0.103365 0.096154
6 0.787260 0.320913 0.079327 0.084135
6 0.675481 0.441106 0.076923 0.084135
6 0.913462 0.205529 0.086538 0.088942
9 0.557692 0.072115 0.096154 0.139423
7 0.324519 0.069712 0.100962 0.115385
2 0.439904 0.317308 0.081731 0.091346
6 0.557692 0.336538 0.081731 0.081731
4 0.687500 0.918269 0.096154 0.115385
