6 0.52578125 0.55859375 0.0515625 0.07109375
6 0.459375 0.65078125 0.05390625 0.07421875
6 0.3859375 0.76875 0.05234375 0.0859375
6 0.2984375 0.78046875 0.05625 0.08125
6 0.22421875 0.7796875 0.0625 0.08359375
6 0.61484375 0.75703125 0.0609375 0.08515625
6 0.6921875 0.74609375 0.06171875 0.08359375
6 0.7703125 0.74140625 0.065625 0.084375
4 0.4515625 0.10546875 0.05546875 0.12734375
9 0.45625 0.89921875 0.05703125 0.1296875
0 0.1921875 0.2375 0.07109375 0.0796875
0 0.2875 0.240625 0.0609375 0.08046875
0 0.37109375 0.240625 0.0578125 0.08046875
0 0.6078125 0.22890625 0.0546875 0.0796875
0 0.6875 0.234375 0.06015625 0.0828125
0 0.76796875 0.234375 0.06484375 0.08046875
0 0.53359375 0.4515625 0.05625 0.0765625
0 0.45234375 0.55625 0.05625 0.07421875
1 0.18359375 0.1171875 0.0828125 0.11171875
1 0.78046875 0.1046875 0.0796875 0.10859375
5 0.53125 0.1140625 0.05859375 0.121875
7 0.78671875 0.8640625 0.08046875 0.1125
7 0.209375 0.89609375 0.08046875 0.12265625
2 0.36875 0.11015625 0.06875 0.115625
2 0.6125 0.10546875 0.06484375 0.1125
8 0.384375 0.88203125 0.05546875 0.1109375
8 0.61328125 0.87421875 0.0671875 0.1125
10 0.540625 0.8859375 0.06171875 0.12890625
3 0.3609375 0.32109375 0.05859375 0.09921875
3 0.696875 0.11875 0.075 0.11640625
11 0.6171875 0.653125 0.0734375 0.09453125
11 0.2890625 0.890625 0.065625 0.1171875
