1 0.060096 0.929087 0.115385 0.112981
1 0.913462 0.929087 0.125000 0.117788
0 0.068510 0.787260 0.098558 0.084135
0 0.193510 0.802885 0.093750 0.086538
0 0.318510 0.802885 0.093750 0.086538
0 0.665865 0.807692 0.091346 0.091346
0 0.788462 0.811298 0.091346 0.093750
0 0.913462 0.814904 0.091346 0.091346
0 0.552885 0.692308 0.091346 0.096154
3 0.554087 0.441106 0.084135 0.122596
3 0.788462 0.944712 0.096154 0.110577
11 0.804087 0.067308 0.103365 0.129808
2 0.068510 0.085337 0.108173 0.117788
8 0.552885 0.334135 0.096154 0.091346
8 0.663462 0.069712 0.096154 0.134615
7 0.913462 0.067308 0.120192 0.129808
5 0.313702 0.675481 0.103365 0.100962
4 0.544471 0.939904 0.103365 0.120192
9 0.305288 0.183894 0.110577 0.132212
6 0.073317 0.325721 0.084135 0.084135
6 0.195913 0.318510 0.084135 0.088942
6 0.554087 0.206731 0.084135 0.091346
6 0.663462 0.335337 0.091346 0.088942
6 0.793269 0.204327 0.086538 0.096154
6 0.912260 0.186298 0.093750 0.098558
