2 0.60390625 0.2109375 0.0640625 0.08203125
1 0.14453125 0.2390625 0.08984375 0.078125
6 0.54375 0.49375 0.065625 0.05078125
6 0.4578125 0.5625 0.06796875 0.05234375
6 0.659375 0.63046875 0.075 0.053125
6 0.75703125 0.6203125 0.07109375 0.053125
6 0.85234375 0.54609375 0.078125 0.05625
6 0.25703125 0.65859375 0.07734375 0.05390625
6 0.1625 0.65859375 0.08203125 0.05546875
4 0.43125 0.21484375 0.0640625 0.10234375
9 0.46015625 0.72734375 0.075 0.0578125
0 0.146875 0.3078125 0.0796875 0.0625
0 0.2515625 0.30703125 0.06640625 0.06484375
0 0.34375 0.30234375 0.06875 0.06328125
0 0.5453125 0.41875 0.06328125 0.05703125
0 0.63046875 0.359375 0.07265625 0.06015625
0 0.61015625 0.28515625 0.0609375 0.0640625
0 0.78984375 0.27890625 0.06640625 0.06484375
1 0.78984375 0.20703125 0.07578125 0.0796875
5 0.51875 0.22265625 0.07109375 0.09453125
7 0.9 0.7 0.1046875 0.05859375
7 0.1390625 0.7453125 0.10703125 0.0640625
8 0.66484375 0.7109375 0.078125 0.059375
2 0.7390625 0.4765625 0.08984375 0.065625
10 0.57109375 0.72109375 0.0734375 0.0625
3 0.44375 0.484375 0.06640625 0.06796875
11 0.24296875 0.73828125 0.10390625 0.059375
11 0.653125 0.55390625 0.0734375 0.06328125
