1 0.180445 0.810824 0.083818 0.090802
1 0.799474 0.810824 0.089056 0.083818
0 0.186557 0.715656 0.068102 0.061117
0 0.278233 0.720022 0.062863 0.062863
0 0.365543 0.720895 0.066356 0.068102
0 0.537544 0.639696 0.061117 0.066356
0 0.623107 0.726133 0.064609 0.064609
0 0.709544 0.727879 0.062863 0.061117
0 0.802093 0.728752 0.073341 0.066355
3 0.541035 0.456345 0.064609 0.083818
3 0.708671 0.819555 0.075086 0.08731
11 0.720022 0.18743 0.066356 0.097787
2 0.185684 0.198781 0.083818 0.082072
8 0.357685 0.286964 0.071594 0.076833
8 0.617869 0.186557 0.061117 0.092549
7 0.799474 0.185684 0.089056 0.094295
5 0.447614 0.811697 0.073341 0.085564
4 0.531431 0.819555 0.073341 0.08731
9 0.452852 0.279978 0.073341 0.097787
6 0.188303 0.369035 0.068102 0.062863
6 0.280852 0.365543 0.061117 0.059371
6 0.540162 0.28871 0.066356 0.069848
6 0.624853 0.289583 0.061117 0.064609
6 0.713036 0.28609 0.062863 0.068102
6 0.800347 0.271248 0.066355 0.062863
