1 0.939904 0.072115 0.115385 0.120192
3 0.21274 0.05649 0.088942 0.11298
2 0.322115 0.069712 0.096154 0.115385
5 0.570913 0.072115 0.103365 0.125
4 0.455529 0.060096 0.103365 0.120192
0 0.080529 0.186298 0.103365 0.084135
0 0.210337 0.186298 0.088942 0.079327
0 0.326923 0.183894 0.091346 0.09375
0 0.450721 0.197115 0.088942 0.091346
0 0.685096 0.197115 0.091346 0.086538
6 0.695913 0.789663 0.09375 0.088942
6 0.570913 0.561298 0.088942 0.09375
6 0.44351 0.789663 0.084135 0.09375
6 0.331731 0.790865 0.086538 0.086538
6 0.210337 0.792067 0.084135 0.09375
7 0.086538 0.933894 0.115385 0.127404
7 0.914663 0.93149 0.112981 0.122596
8 0.683894 0.918269 0.098558 0.110577
8 0.33774 0.930288 0.098558 0.115385
11 0.195913 0.935096 0.09375 0.125
9 0.445913 0.932692 0.098558 0.129808
10 0.566106 0.932692 0.103365 0.129808
11 0.575721 0.43149 0.09375 0.103365
6 0.086538 0.820913 0.091346 0.088942
6 0.801683 0.801683 0.084135 0.084135
6 0.93149 0.794471 0.103365 0.09375
2 0.325721 0.439904 0.108173 0.115385
0 0.930288 0.206731 0.100962 0.100962
0 0.80649 0.195913 0.09375 0.098558
3 0.68149 0.314904 0.09375 0.100962
1 0.084135 0.067308 0.115385 0.115385
