0 0.325121 0.955982 0.125272 0.088036
0 0.424774 0.905346 0.11191 0.111227
0 0.969005 0.514318 0.06199 0.117206
0 0.882654 0.58012 0.112551 0.113916
6 0.682543 0.04472 0.120536 0.089441
0 0.520345 0.426089 0.110585 0.109221
6 0.107074 0.406498 0.113193 0.116604
0 0.807999 0.648111 0.106573 0.106573
6 0.416399 0.48461 0.112552 0.113916
6 0.456789 0.329787 0.115882 0.117246
6 0.577874 0.098667 0.110545 0.112592
0 0.442554 0.738083 0.109903 0.109903
0 0.483627 0.579929 0.109221 0.110585
6 0.026682 0.473644 0.053364 0.11857
6 0.493588 0.158612 0.109221 0.110585
8 0.130551 0.232594 0.131811 0.137951
11 0.245225 0.44781 0.129885 0.129885
11 0.287963 0.289998 0.125873 0.127237
2 0.583972 0.935561 0.127839 0.128877
7 0.001244 0.366629 0.002488 0.16656
5 0.683283 0.871547 0.135141 0.141281
3 0.621392 0.775585 0.119854 0.123265
8 0.406419 0.062091 0.139113 0.124182
3 0.70967 0.717325 0.119854 0.123265
10 0.220835 0.17301 0.143768 0.152637
2 0.538557 0.667525 0.119894 0.119894
4 0.780508 0.824663 0.142444 0.15063
9 0.31447 0.109775 0.149024 0.164033
6 0.320137 0.539499 0.113916 0.112551
