1 0.611445 0.999902 0.168352 0.000196
0 0.024272 0.505795 0.048543 0.134385
0 0.075792 0.584867 0.132458 0.130359
0 0.177808 0.652867 0.12449 0.121692
0 0.437847 0.687635 0.134385 0.135085
0 0.478781 0.849248 0.132985 0.136483
0 0.568847 0.922366 0.127731 0.128431
0 0.674847 0.961565 0.131758 0.07687
3 0.584705 0.46916 0.13754 0.145236
3 0.497214 0.977085 0.142267 0.04583
11 0.958196 0.303137 0.083609 0.158629
2 0.366232 0.000227 0.163627 0.000455
8 0.633965 0.393665 0.134999 0.137797
8 0.871023 0.228305 0.160128 0.169223
7 0.999116 0.361898 0.001767 0.171065
5 0.44915 0.245808 0.140339 0.142438
4 0.295851 0.89206 0.150234 0.155831
9 0.47578 0.03136 0.177547 0.06272
6 0.23553 0.117905 0.12379 0.122391
6 0.346826 0.180478 0.118451 0.117751
6 0.728541 0.45107 0.124404 0.125104
6 0.708574 0.285916 0.125018 0.127817
6 0.907488 0.409964 0.131058 0.131758
6 0.976914 0.462208 0.046172 0.130444
