11 0.206135 0.195409 0.150151 0.18876
10 0.195409 0.97737 0.171601 0.045259
6 0.029064 0.02692 0.058128 0.05384
6 0.970936 0.018339 0.058128 0.036679
6 0.802445 0.024775 0.14157 0.04955
0 0.024775 0.63728 0.04955 0.145861
8 0.407764 0.04408 0.16731 0.08816
6 0.195409 0.031209 0.13728 0.062419
3 0.975225 0.808881 0.04955 0.171601
0 0.808881 0.82604 0.154439 0.16302
2 0.029065 0.39275 0.058129 0.15444
2 0.182539 0.405619 0.154439 0.154439
4 0.82604 0.966646 0.18876 0.066709
0 0.970935 0.975226 0.05813 0.049549
