0 0.555288 0.450721 0.086538 0.079327
1 0.088942 0.917067 0.110577 0.103365
0 0.909856 0.675481 0.088942 0.086538
0 0.667067 0.555288 0.079327 0.081731
0 0.216346 0.435096 0.081731 0.081731
0 0.09375 0.438702 0.086538 0.079327
0 0.78125 0.560096 0.081731 0.086538
8 0.33774 0.080529 0.088942 0.117788
0 0.449519 0.555288 0.076923 0.076923
6 0.324519 0.555288 0.076923 0.081731
6 0.090144 0.195913 0.084135 0.084135
1 0.671875 0.923077 0.088942 0.100962
6 0.78726 0.320913 0.079327 0.084135
6 0.913462 0.205529 0.086538 0.088942
6 0.675481 0.441106 0.076923 0.084135
7 0.08774 0.064904 0.108173 0.125
6 0.557692 0.332933 0.081731 0.084135
3 0.557692 0.798077 0.086538 0.100962
8 0.563702 0.203125 0.079327 0.103365
6 0.21875 0.205529 0.076923 0.088942
11 0.207933 0.064904 0.088942 0.125
4 0.794471 0.917067 0.103365 0.117788
7 0.68149 0.069712 0.09375 0.120192
9 0.445913 0.070913 0.09375 0.132212
3 0.189904 0.674279 0.120192 0.079327
2 0.21274 0.801683 0.09375 0.09375
