0 0.090144 0.325721 0.088942 0.088942
1 0.911058 0.082933 0.110577 0.103365
0 0.444712 0.550481 0.086538 0.076923
6 0.780048 0.794471 0.074519 0.088942
0 0.21875 0.442308 0.081731 0.091346
0 0.332933 0.447115 0.079327 0.081731
0 0.550481 0.447115 0.076923 0.081731
0 0.907452 0.448317 0.088942 0.084135
6 0.907452 0.804087 0.084135 0.084135
6 0.085337 0.794471 0.088942 0.088942
6 0.209135 0.679087 0.081731 0.084135
6 0.324519 0.558894 0.076923 0.084135
6 0.442308 0.668269 0.081731 0.086538
1 0.326923 0.076923 0.091346 0.100962
6 0.554087 0.550481 0.079327 0.081731
11 0.794471 0.677885 0.098558 0.091346
2 0.671875 0.088942 0.084135 0.100962
7 0.909856 0.93149 0.117788 0.122596
3 0.442308 0.201923 0.086538 0.100962
5 0.669471 0.93149 0.088942 0.132212
11 0.813702 0.919471 0.117788 0.103365
0 0.783654 0.566106 0.081731 0.084135
8 0.436298 0.795673 0.088942 0.096154
8 0.558894 0.794471 0.088942 0.098558
4 0.205529 0.084135 0.103365 0.120192
2 0.552885 0.330529 0.086538 0.084135
9 0.444712 0.930288 0.091346 0.134615
7 0.317308 0.929087 0.096154 0.117788
3 0.810096 0.325721 0.120192 0.084135
