11 0.264253 0.482899 0.131863 0.13305
0 0.974239 0.44155 0.051523 0.127436
6 0.029084 0.564138 0.058167 0.113703
6 0.604792 0.035302 0.122267 0.070604
6 0.092591 0.478805 0.11193 0.112227
6 0.511156 0.088749 0.115475 0.115475
6 0.42601 0.168399 0.115327 0.115623
6 0.18091 0.404397 0.11193 0.112227
10 0.50309 0.924246 0.172025 0.151507
0 0.335745 0.754841 0.112227 0.11193
8 0.275948 0.331985 0.129208 0.128911
3 0.846369 0.418999 0.151656 0.150617
2 0.242291 0.654631 0.134377 0.133932
0 0.748446 0.518507 0.123891 0.124039
9 0.264907 0.156259 0.142497 0.142793
4 0.846627 0.607865 0.167005 0.16923
0 0.579526 0.8412 0.123743 0.124188
2 0.666033 0.594022 0.138655 0.139842
0 0.916564 0.52585 0.133784 0.134525
