0 0.938645 0.416738 0.116017 0.114023
1 0.032983 0.476294 0.065965 0.14003
0 0.765288 0.395172 0.116023 0.117352
0 0.669649 0.453231 0.111354 0.112019
0 0.518625 0.428318 0.116017 0.114023
0 0.488709 0.574011 0.106685 0.106686
6 0.795521 0.22181 0.115353 0.114688
11 0.421655 0.488711 0.120691 0.122685
6 0.639495 0.191566 0.112689 0.114019
7 0.112825 0.242544 0.13936 0.140689
6 0.613255 0.353592 0.11069 0.112684
6 0.455232 0.333349 0.113354 0.113354
4 0.883498 0.741124 0.140035 0.146683
9 0.310428 0.112087 0.153381 0.166676
2 0.34959 0.385081 0.128693 0.131353
