0 0.555288 0.450721 0.086538 0.079327
1 0.092548 0.914663 0.108173 0.103365
0 0.909856 0.675481 0.088942 0.086538
0 0.667067 0.552885 0.079327 0.081731
0 0.778846 0.560096 0.081731 0.086538
0 0.448317 0.552885 0.079327 0.076923
0 0.093750 0.438702 0.086538 0.079327
6 0.787260 0.320913 0.079327 0.084135
7 0.088942 0.068510 0.110577 0.127404
1 0.669471 0.919471 0.093750 0.103365
6 0.675481 0.441106 0.076923 0.084135
6 0.913462 0.206731 0.086538 0.091346
2 0.205529 0.555288 0.088942 0.086538
7 0.681490 0.070913 0.093750 0.122596
4 0.794471 0.914663 0.108173 0.117788
11 0.205529 0.068510 0.098558 0.108173
6 0.090144 0.197115 0.088942 0.091346
8 0.328125 0.555288 0.088942 0.086538
6 0.555288 0.336538 0.081731 0.081731
6 0.224760 0.211538 0.084135 0.086538
9 0.447115 0.074519 0.096154 0.134615
