7 0.912622 0.052965 0.123186 0.10593
0 0.955538 0.842498 0.088925 0.111234
0 0.670555 0.556899 0.094652 0.100275
7 0.069364 0.073018 0.110781 0.113364
6 0.915628 0.179873 0.095731 0.105732
6 0.062407 0.19147 0.085901 0.089187
8 0.191562 0.426562 0.122644 0.101101
6 0.195162 0.1938 0.082646 0.098647
10 0.555785 0.853377 0.120005 0.17165
6 0.6635 0.431632 0.096036 0.099626
6 0.787489 0.178608 0.08945 0.089293
6 0.307732 0.194291 0.093665 0.098157
9 0.548548 0.062479 0.106234 0.107688
2 0.180913 0.590094 0.100936 0.105062
4 0.831079 0.715364 0.147641 0.155764
0 0.815379 0.839867 0.109055 0.117301
