7 0.14138 0.169492 0.108046 0.105932
7 0.952874 0.17267 0.094252 0.112288
6 0.72069 0.296611 0.085057 0.080508
6 0.829885 0.29767 0.087356 0.086865
6 0.949426 0.29767 0.096552 0.07839
1 0.945977 0.935381 0.108045 0.103813
1 0.136782 0.940678 0.117241 0.105932
0 0.709196 0.820975 0.075862 0.074153
0 0.820689 0.819916 0.082758 0.072034
0 0.944828 0.820975 0.087356 0.069915
2 0.38161 0.939619 0.087356 0.108051
2 0.72069 0.931144 0.094253 0.095339
8 0.366667 0.186441 0.089655 0.09322
8 0.721839 0.181144 0.091954 0.103813
3 0.250574 0.941737 0.091954 0.103813
3 0.829885 0.930085 0.096552 0.105932
11 0.843679 0.173729 0.096552 0.118644
11 0.255172 0.174788 0.096552 0.112288
10 0.5 0.179025 0.089655 0.120763
9 0.604598 0.173729 0.096552 0.118644
5 0.488505 0.938559 0.09885 0.110169
4 0.604598 0.938559 0.087356 0.110169
