1 0.304087 0.066106 0.103365 0.127404
1 0.912260 0.929087 0.122596 0.122596
0 0.193510 0.566106 0.084135 0.084135
0 0.314904 0.804087 0.091346 0.088942
0 0.068510 0.787260 0.098558 0.084135
0 0.549279 0.688702 0.088942 0.093750
0 0.665865 0.812500 0.091346 0.091346
0 0.787260 0.814904 0.088942 0.091346
0 0.912260 0.816106 0.103365 0.084135
3 0.316106 0.304087 0.093750 0.122596
11 0.804087 0.064904 0.098558 0.125000
8 0.787260 0.193510 0.103365 0.108173
7 0.913462 0.066106 0.115385 0.127404
5 0.060096 0.068510 0.115385 0.132212
4 0.549279 0.938702 0.108173 0.122596
9 0.304087 0.453125 0.103365 0.103365
6 0.069712 0.323317 0.091346 0.084135
6 0.199519 0.449519 0.086538 0.086538
6 0.554087 0.206731 0.088942 0.096154
6 0.795673 0.444712 0.086538 0.091346
6 0.912260 0.183894 0.093750 0.093750
