0 0.948149 0.6271 0.103701 0.099173
0 0.805478 0.505031 0.100802 0.109313
0 0.677577 0.506732 0.102322 0.099376
1 0.020974 0.949613 0.041949 0.100774
0 0.554189 0.39069 0.117857 0.090024
0 0.426999 0.513137 0.105773 0.099396
6 0.068145 0.149945 0.112528 0.088842
11 0.42554 0.396008 0.113997 0.099931
6 0.811693 0.253142 0.104209 0.093573
6 0.69189 0.377427 0.103817 0.107846
9 0.572093 0.042537 0.105837 0.085074
6 0.564782 0.272167 0.09744 0.088903
7 0.325495 0.038208 0.119726 0.076417
4 0.686422 0.924941 0.128353 0.150119
6 0.94753 0.133284 0.1022 0.100135
2 0.436304 0.261604 0.100766 0.113682
