0 0.557692 0.450721 0.086538 0.079327
0 0.911058 0.674279 0.091346 0.088942
0 0.667067 0.552885 0.079327 0.086538
0 0.781250 0.560096 0.081731 0.086538
0 0.448317 0.555288 0.079327 0.076923
0 0.213942 0.324519 0.081731 0.086538
1 0.215144 0.917067 0.098558 0.103365
6 0.675481 0.442308 0.076923 0.086538
6 0.557692 0.331731 0.081731 0.086538
6 0.787260 0.320913 0.079327 0.084135
11 0.447115 0.193510 0.081731 0.103365
6 0.913462 0.205529 0.086538 0.088942
7 0.323317 0.069712 0.098558 0.115385
6 0.091346 0.194712 0.086538 0.091346
9 0.557692 0.072115 0.091346 0.139423
2 0.439904 0.320913 0.076923 0.093750
4 0.686298 0.917067 0.093750 0.117788
