0 0.049535 0.861069 0.08133 0.114524
1 0.054775 0.958686 0.091377 0.082629
0 0.139169 0.88337 0.075985 0.122657
0 0.440847 0.494795 0.10059 0.122928
6 0.918785 0.090525 0.162431 0.178886
0 0.75422 0.978589 0.117955 0.042822
0 0.33268 0.622644 0.093582 0.119972
0 0.622257 0.974759 0.115245 0.050481
6 0.317444 0.487226 0.098919 0.121528
6 0.713552 0.114917 0.135759 0.163415
6 0.572858 0.125769 0.121186 0.148048
6 0.431702 0.331273 0.11094 0.119129
8 0.175268 0.030966 0.102557 0.061932
2 0.254946 0.990964 0.102094 0.018072
7 0.010411 0.051856 0.020822 0.103712
10 0.279476 0.027593 0.108944 0.055186
11 0.173811 0.299462 0.094864 0.128792
11 0.079881 0.310488 0.099318 0.117667
3 0.355494 0.938886 0.099545 0.122227
3 0.466908 0.950595 0.11369 0.09881
6 0.011993 0.166169 0.023985 0.112855
8 0.424357 0.124026 0.112699 0.148419
2 0.347728 0.781284 0.11464 0.139277
9 0.399306 0.023464 0.120398 0.046928
6 0.079721 0.168021 0.078034 0.118617
