6 0.897303 0.057325 0.072614 0.11465
0 0.894191 0.821656 0.074688 0.108281
6 0.298755 0.055732 0.06224 0.111465
0 0.686722 0.512739 0.06639 0.108281
0 0.591286 0.374203 0.07054 0.105096
0 0.496888 0.512739 0.064315 0.108281
1 0.185684 0.963376 0.093361 0.073249
0 0.784232 0.519108 0.07054 0.121019
0 0.187759 0.671975 0.076763 0.108281
6 0.49585 0.374203 0.06639 0.111466
6 0.190871 0.047771 0.074688 0.095541
6 0.591286 0.219746 0.07054 0.114649
6 0.790457 0.055732 0.06639 0.111465
6 0.692946 0.36465 0.06639 0.111465
0 0.289419 0.501592 0.068465 0.105096
11 0.381743 0.197452 0.082988 0.121019
5 0.387966 0.832802 0.074688 0.143312
2 0.393154 0.960191 0.072614 0.079618
1 0.690871 0.964968 0.078838 0.070064
3 0.591286 0.835987 0.07054 0.130574
3 0.496888 0.83758 0.072614 0.121019
2 0.497925 0.667197 0.07054 0.117834
11 0.284232 0.205413 0.091286 0.111465
8 0.492739 0.058917 0.072614 0.117835
8 0.59751 0.062102 0.078838 0.124205
4 0.79668 0.958598 0.091286 0.082803
