1 0.380284 0.23633 0.063163 0.077852
1 0.751919 0.761467 0.074914 0.073445
0 0.311979 0.540395 0.052881 0.051412
0 0.235596 0.675535 0.058757 0.051412
0 0.386159 0.685818 0.057288 0.060226
0 0.530847 0.616779 0.052881 0.057288
0 0.603558 0.690224 0.057288 0.057288
0 0.674801 0.54113 0.055819 0.052881
0 0.754856 0.693897 0.060226 0.055819
11 0.606496 0.311245 0.057288 0.074914
8 0.681411 0.313448 0.057288 0.070508
7 0.752653 0.235596 0.070508 0.079321
5 0.532316 0.395707 0.061695 0.06757
4 0.523503 0.768811 0.06757 0.073445
9 0.690224 0.388363 0.071976 0.06757
6 0.533051 0.320793 0.051412 0.055819
6 0.751184 0.306838 0.055819 0.057288
6 0.679942 0.470622 0.051412 0.052881
