7 0.836155 0.036947 0.128722 0.073894
0 0.956217 0.7224 0.087565 0.103783
11 0.309947 0.36094 0.105495 0.115183
7 0.044043 0.167506 0.088086 0.122256
6 0.045607 0.289326 0.091214 0.090245
6 0.850344 0.14103 0.100562 0.100562
8 0.400683 0.234596 0.11088 0.107005
6 0.166729 0.264708 0.090245 0.09412
6 0.727667 0.158338 0.097341 0.095404
6 0.61434 0.180062 0.093038 0.096913
0 0.223928 0.628118 0.102927 0.10099
3 0.831438 0.617145 0.140549 0.119237
10 0.448228 0.57166 0.11151 0.123135
1 0.263715 0.861543 0.118809 0.138184
6 0.281127 0.248896 0.090245 0.09412
0 0.699716 0.651969 0.094322 0.104009
2 0.414458 0.944235 0.107837 0.111531
2 0.199534 0.493288 0.108515 0.106577
0 0.386831 0.833161 0.097543 0.109168
0 0.839071 0.74035 0.107433 0.113246
9 0.486925 0.083413 0.115385 0.11926
4 0.86895 0.871745 0.1403 0.1558
