1 0.192137 0.811453 0.08078 0.07719
0 0.195727 0.722595 0.07001 0.061034
0 0.286381 0.721697 0.061034 0.059239
0 0.543083 0.462302 0.061034 0.057444
0 0.705541 0.708234 0.059239 0.061034
0 0.806965 0.713619 0.064624 0.061034
6 0.807863 0.280098 0.062829 0.066419
6 0.290869 0.280098 0.055649 0.066419
1 0.819531 0.815043 0.082576 0.07719
0 0.630146 0.719004 0.059239 0.057444
0 0.366263 0.62476 0.059239 0.059239
6 0.543083 0.376137 0.061034 0.064624
6 0.713619 0.280098 0.057444 0.059239
6 0.456917 0.535005 0.053853 0.059239
8 0.379727 0.179571 0.064624 0.084371
6 0.635531 0.283689 0.055648 0.062829
7 0.811453 0.179571 0.07719 0.084371
2 0.371649 0.806966 0.062829 0.075395
6 0.195727 0.27561 0.062829 0.064624
11 0.454225 0.280098 0.066419 0.07001
7 0.193932 0.178674 0.084371 0.093346
6 0.460507 0.464098 0.061034 0.061034
5 0.461405 0.808761 0.062829 0.089756
11 0.362674 0.362674 0.07001 0.07001
10 0.460507 0.181366 0.068214 0.091551
8 0.626556 0.178674 0.066419 0.086166
3 0.462302 0.72439 0.061034 0.068214
3 0.541287 0.721697 0.061034 0.07001
4 0.541287 0.816839 0.064624 0.091551
2 0.461405 0.624761 0.062829 0.066419
9 0.542185 0.180469 0.07001 0.104117
