7 0.89587 0.061575 0.110103 0.112406
11 0.32835 0.332598 0.083093 0.096915
0 0.928953 0.781979 0.092504 0.092504
1 0.102171 0.940057 0.101577 0.119886
2 0.701232 0.92001 0.093781 0.123728
5 0.463696 0.933888 0.099076 0.132225
6 0.077493 0.228583 0.084807 0.0802
0 0.208772 0.585294 0.092504 0.092504
7 0.068879 0.106237 0.117014 0.105496
4 0.57994 0.924972 0.096773 0.138237
0 0.103349 0.713509 0.092405 0.090102
6 0.896422 0.192672 0.090003 0.090003
0 0.458144 0.800039 0.082995 0.094513
6 0.773633 0.190478 0.0802 0.084807
0 0.675695 0.678062 0.085397 0.094611
8 0.316612 0.104522 0.102112 0.092897
6 0.201089 0.221121 0.077798 0.084709
6 0.65734 0.200048 0.082602 0.084906
10 0.431689 0.447461 0.092602 0.094906
0 0.341901 0.81081 0.085495 0.097013
1 0.816521 0.915293 0.102996 0.114514
6 0.316427 0.217605 0.077896 0.087111
6 0.555384 0.4424 0.0802 0.084807
8 0.091731 0.458964 0.114022 0.090986
3 0.571718 0.812233 0.094371 0.138138
2 0.348212 0.935193 0.084469 0.129614
0 0.80021 0.781231 0.0952 0.099808
9 0.544393 0.085579 0.102898 0.112112
