11 0.664663 0.674279 0.079327 0.09375
7 0.086538 0.921875 0.105769 0.108173
0 0.082933 0.200721 0.088942 0.088942
1 0.915865 0.06851 0.096154 0.132212
6 0.911058 0.789663 0.081731 0.074519
4 0.4375 0.069712 0.096154 0.139423
0 0.793269 0.425481 0.086538 0.086538
7 0.913462 0.911058 0.115385 0.100962
8 0.668269 0.909856 0.091346 0.088942
2 0.317308 0.06851 0.091346 0.127404
0 0.905048 0.305288 0.088942 0.086538
6 0.091346 0.790865 0.086538 0.086538
5 0.563702 0.433894 0.088942 0.108173
6 0.213942 0.796875 0.081731 0.079327
6 0.329327 0.796875 0.076923 0.084135
6 0.786058 0.792067 0.076923 0.084135
1 0.200721 0.072115 0.098558 0.110577
0 0.331731 0.317308 0.081731 0.091346
2 0.665865 0.06851 0.086538 0.127404
6 0.671875 0.788462 0.074519 0.081731
0 0.670673 0.195913 0.081731 0.09375
10 0.677885 0.419471 0.096154 0.108173
9 0.439904 0.915865 0.100962 0.100962
8 0.799279 0.682692 0.09375 0.081731
3 0.442308 0.188702 0.081731 0.127404
0 0.211538 0.206731 0.091346 0.096154
