0 0.557692 0.451923 0.086538 0.081731
1 0.088942 0.919471 0.105769 0.108173
0 0.909856 0.674279 0.088942 0.088942
0 0.778846 0.560096 0.081731 0.086538
0 0.667067 0.552885 0.079327 0.081731
0 0.092548 0.439904 0.088942 0.081731
0 0.448317 0.552885 0.079327 0.076923
8 0.674279 0.912260 0.093750 0.108173
6 0.675481 0.441106 0.076923 0.084135
6 0.788462 0.320913 0.081731 0.084135
7 0.087740 0.064904 0.108173 0.125000
6 0.913462 0.206731 0.086538 0.091346
2 0.682692 0.079327 0.086538 0.110577
6 0.221154 0.205529 0.076923 0.088942
4 0.793269 0.914663 0.105769 0.117788
11 0.205529 0.069712 0.098558 0.110577
6 0.557692 0.332933 0.081731 0.084135
6 0.090144 0.194712 0.093750 0.091346
9 0.447115 0.074519 0.091346 0.134615
