1 0.360814 0.087663 0.092077 0.114719
1 0.903641 0.863637 0.111349 0.108225
0 0.149893 0.739177 0.089936 0.080086
0 0.260172 0.748918 0.079229 0.077922
0 0.371521 0.752165 0.079229 0.080086
0 0.581371 0.649351 0.083512 0.073593
0 0.684154 0.755411 0.083512 0.082251
0 0.792292 0.761905 0.08137 0.08658
0 0.90257 0.762987 0.092077 0.075758
3 0.581371 0.425325 0.074947 0.10606
11 0.80514 0.087663 0.085653 0.114719
8 0.792292 0.202381 0.094218 0.101732
7 0.903641 0.087663 0.107066 0.114719
5 0.147752 0.09091 0.111349 0.121212
4 0.573876 0.876624 0.089936 0.103896
9 0.147752 0.209957 0.111349 0.121212
6 0.152035 0.320346 0.085653 0.077922
6 0.264454 0.433983 0.074947 0.080086
6 0.583512 0.212121 0.083512 0.08658
6 0.90257 0.195887 0.087795 0.088745
6 0.800857 0.4329 0.077087 0.077922
