7 0.725316 0.021053 0.118988 0.042106
0 0.726582 0.628421 0.096202 0.077894
11 0.115189 0.214737 0.093671 0.088421
6 0.716456 0.109474 0.091139 0.075789
8 0.232911 0.12 0.101266 0.08
6 0.012658 0.109474 0.025316 0.071579
6 0.586076 0.105263 0.088608 0.071579
6 0.464557 0.106316 0.083544 0.073685
0 0.011392 0.431579 0.022785 0.075789
3 0.607594 0.516842 0.131646 0.086316
10 0.218987 0.417895 0.098734 0.094737
1 0.012658 0.638947 0.025317 0.107368
6 0.106329 0.113684 0.081013 0.071579
0 0.464557 0.526316 0.083544 0.08
2 0.111393 0.746316 0.091139 0.111579
2 0.012658 0.311579 0.025317 0.08
0 0.106329 0.633684 0.086076 0.084211
0 0.592405 0.624211 0.096202 0.086316
9 0.350633 0.02421 0.103798 0.048421
4 0.598734 0.742105 0.12405 0.12
