0 0.555288 0.450721 0.086538 0.079327
1 0.08774 0.917067 0.108173 0.103365
0 0.909856 0.674279 0.088942 0.088942
0 0.778846 0.560096 0.081731 0.086538
0 0.667067 0.552885 0.079327 0.081731
0 0.09375 0.438702 0.086538 0.079327
0 0.449519 0.552885 0.076923 0.076923
0 0.216346 0.435096 0.081731 0.081731
8 0.331731 0.669471 0.091346 0.09375
6 0.78726 0.320913 0.079327 0.084135
1 0.669471 0.921875 0.088942 0.098558
7 0.088942 0.064904 0.110577 0.125
6 0.913462 0.206731 0.086538 0.091346
6 0.675481 0.441106 0.076923 0.084135
7 0.683894 0.06851 0.09375 0.117788
3 0.317308 0.5625 0.100962 0.076923
11 0.205529 0.06851 0.098558 0.108173
6 0.557692 0.334135 0.081731 0.086538
4 0.794471 0.914663 0.103365 0.117788
6 0.092548 0.195913 0.084135 0.084135
2 0.213942 0.800481 0.096154 0.091346
9 0.447115 0.070913 0.091346 0.137019
6 0.219952 0.210337 0.088942 0.084135
8 0.44351 0.207933 0.088942 0.103365
