7 0.933515 0.085308 0.132969 0.115582
0 0.948045 0.870107 0.10391 0.099427
6 0.022605 0.192539 0.04521 0.090699
7 0.028099 0.059338 0.056198 0.118677
10 0.336246 0.882039 0.135905 0.149838
8 0.420114 0.226853 0.103314 0.115554
6 0.930569 0.232796 0.103124 0.119758
6 0.802524 0.222957 0.105883 0.094304
6 0.666585 0.223068 0.107359 0.113453
6 0.140661 0.195333 0.117865 0.109717
6 0.274825 0.205689 0.105217 0.103034
11 0.168185 0.614627 0.139915 0.129591
4 0.719477 0.875299 0.1092 0.150661
2 0.156202 0.47346 0.119937 0.105806
9 0.531334 0.06519 0.131392 0.130381
0 0.698384 0.743518 0.110024 0.100495
0 0.829214 0.863208 0.103955 0.108869
3 0.59446 0.876304 0.135894 0.117327
2 0.295981 0.482634 0.126583 0.112473
