1 0.092548 0.914663 0.112981 0.103365
0 0.557692 0.449519 0.081731 0.076923
0 0.667067 0.552885 0.079327 0.081731
0 0.449519 0.552885 0.076923 0.081731
0 0.777644 0.557692 0.079327 0.091346
0 0.911058 0.674279 0.086538 0.088942
0 0.096154 0.552885 0.086538 0.081731
6 0.557692 0.336538 0.081731 0.081731
6 0.913462 0.209135 0.086538 0.086538
6 0.447115 0.449519 0.076923 0.081731
6 0.219952 0.207933 0.074519 0.088942
6 0.675481 0.441106 0.076923 0.084135
6 0.78726 0.322115 0.079327 0.086538
11 0.205529 0.322115 0.112981 0.091346
5 0.324519 0.792067 0.086538 0.108173
1 0.673077 0.919471 0.096154 0.108173
2 0.330529 0.907452 0.084135 0.098558
3 0.557692 0.796875 0.086538 0.098558
7 0.090144 0.069712 0.117788 0.115385
11 0.1875 0.081731 0.100962 0.110577
0 0.215144 0.435096 0.079327 0.081731
8 0.563702 0.205529 0.088942 0.098558
2 0.449519 0.667067 0.086538 0.088942
4 0.794471 0.914663 0.103365 0.117788
6 0.092548 0.199519 0.084135 0.086538
9 0.555288 0.072115 0.086538 0.139423
8 0.442308 0.205529 0.086538 0.098558
10 0.325721 0.069712 0.103365 0.129808
7 0.683894 0.070913 0.09375 0.127404
3 0.191106 0.673077 0.117788 0.081731
