7 0.918269 0.082933 0.115385 0.098558
11 0.336538 0.329327 0.086538 0.100962
0 0.917067 0.801683 0.088942 0.088942
10 0.328125 0.820913 0.098558 0.137019
6 0.088942 0.211538 0.081731 0.076923
7 0.088942 0.087740 0.115385 0.103365
6 0.213942 0.209135 0.076923 0.081731
6 0.908654 0.209135 0.086538 0.086538
6 0.786058 0.204327 0.081731 0.081731
6 0.670673 0.206731 0.076923 0.081731
6 0.329327 0.212740 0.076923 0.079327
0 0.205529 0.575721 0.079327 0.079327
0 0.669471 0.682692 0.084135 0.091346
4 0.680288 0.813702 0.096154 0.132212
8 0.450721 0.225962 0.093750 0.091346
2 0.207933 0.439904 0.093750 0.086538
0 0.788462 0.798077 0.086538 0.096154
9 0.558894 0.087740 0.098558 0.103365
3 0.568510 0.808894 0.103365 0.108173
2 0.322115 0.449519 0.086538 0.091346
