1 0.252986 0.982474 0.136746 0.035051
0 0.218102 0.920523 0.115859 0.10861
0 0.537643 0.796814 0.09921 0.10066
1 0.987899 0.752812 0.024201 0.133846
0 0.330319 0.873832 0.09921 0.10066
0 0.963379 0.629953 0.073241 0.10391
0 0.432443 0.834598 0.103097 0.105997
0 0.760484 0.716777 0.101472 0.101472
0 0.854427 0.668988 0.100022 0.102922
3 0.916118 0.805191 0.117548 0.140744
6 0.788454 0.083508 0.109247 0.112146
6 0.136898 0.317526 0.100197 0.108896
6 0.349152 0.240014 0.099385 0.106633
0 0.578091 0.539638 0.103735 0.102285
8 0.204193 0.152875 0.119635 0.135583
6 0.032646 0.353486 0.065291 0.10536
7 0.017669 0.231001 0.035338 0.142896
6 0.669275 0.125036 0.101647 0.107446
6 0.237891 0.278698 0.098572 0.104372
11 0.638477 0.034908 0.120161 0.069816
6 0.572893 0.166039 0.103097 0.105997
2 0.47719 0.941615 0.11331 0.116769
8 0.527621 0.051104 0.12271 0.102208
3 0.377273 0.964511 0.11221 0.070979
2 0.798444 0.829576 0.11331 0.123459
6 0.497823 0.323266 0.10536 0.10681
4 0.701195 0.882384 0.113023 0.139119
7 0.749331 0.012507 0.136284 0.025015
10 0.305998 0.116309 0.12741 0.146257
11 0.084607 0.193272 0.122248 0.148344
5 0.590307 0.904332 0.119811 0.141557
9 0.409254 0.077161 0.13066 0.154322
