1 0.065601 0.95569 0.131203 0.08862
1 0.980387 0.940399 0.039226 0.119203
0 0.061481 0.839059 0.122963 0.107206
0 0.207882 0.845279 0.131149 0.101334
0 0.360646 0.845839 0.114222 0.096598
0 0.616223 0.714984 0.1126 0.116887
0 0.749755 0.822272 0.119686 0.092173
0 0.890623 0.828932 0.111181 0.103092
0 0.984619 0.812463 0.030761 0.11954
3 0.321002 0.165425 0.117238 0.157297
3 0.896304 0.950792 0.109966 0.098415
11 0.885579 0.056841 0.114324 0.113682
11 0.48774 0.578588 0.115108 0.130364
2 0.038472 0.064354 0.076944 0.128707
8 0.315934 0.0629 0.125886 0.125801
8 0.724538 0.058832 0.133198 0.117664
7 0.97412 0.059285 0.051759 0.11857
5 0.492946 0.951282 0.114521 0.097436
4 0.624894 0.95832 0.122805 0.083359
9 0.450992 0.065583 0.12122 0.131166
6 0.040323 0.19676 0.080645 0.107666
6 0.184093 0.320018 0.119329 0.117907
6 0.61312 0.200806 0.108876 0.105755
6 0.739627 0.196148 0.110329 0.105441
6 0.885706 0.187143 0.111426 0.11554
6 0.985289 0.180919 0.029422 0.117262
