11 0.043791 0.069464 0.087582 0.138927
7 0.953262 0.055328 0.093476 0.110655
5 0.353863 0.999819 0.114522 0.000362
11 0.633921 0.399587 0.119175 0.158527
0 0.907006 0.956474 0.124928 0.087053
1 0.023883 0.995335 0.047767 0.00933
10 0.336704 0.061857 0.120071 0.123715
0 0.021727 0.920403 0.043454 0.104705
6 0.948837 0.221703 0.102326 0.132383
8 0.65959 0.058134 0.149569 0.116268
8 0.18947 0.068181 0.142241 0.136362
6 0.790246 0.205294 0.11936 0.13361
0 0.106849 0.926158 0.085179 0.101258
6 0.195314 0.228237 0.100946 0.111939
6 0.054657 0.226567 0.109314 0.133713
6 0.642327 0.222312 0.122865 0.141331
6 0.339493 0.225482 0.110477 0.139257
0 0.353009 0.932604 0.093344 0.11547
6 0.491056 0.225633 0.098993 0.141921
0 0.23356 0.934448 0.085111 0.116748
3 0.216799 0.810467 0.100558 0.124406
0 0.622352 0.946833 0.117933 0.106334
9 0.498817 0.063853 0.142502 0.127706
0 0.745583 0.947443 0.12256 0.105114
0 0.476579 0.939041 0.10161 0.1111
2 0.241665 0.996754 0.086752 0.006493
