2 0.3828125 0.25625 0.05859375 0.0703125
1 0.07734375 0.45859375 0.08671875 0.05703125
6 0.5453125 0.46171875 0.05625 0.0484375
6 0.54765625 0.53671875 0.05859375 0.04453125
6 0.82890625 0.40625 0.0640625 0.05625
6 0.77421875 0.4484375 0.05703125 0.04921875
6 0.72578125 0.49375 0.0609375 0.05234375
6 0.4921875 0.68046875 0.065625 0.04609375
6 0.43203125 0.72421875 0.06796875 0.0515625
4 0.26875 0.325 0.07578125 0.08125
9 0.6765625 0.63359375 0.065625 0.0515625
0 0.43671875 0.30234375 0.0515625 0.05703125
0 0.54296875 0.23125 0.05234375 0.05703125
0 0.5015625 0.3390625 0.05390625 0.05078125
0 0.4921875 0.4125 0.05390625 0.05234375
0 0.271875 0.41875 0.06328125 0.0515625
0 0.2109375 0.46171875 0.06875 0.05
0 0.1296875 0.5046875 0.075 0.04375
1 0.48984375 0.18828125 0.05390625 0.06953125
5 0.33046875 0.296875 0.06328125 0.07734375
7 0.48515625 0.7875 0.0734375 0.059375
7 0.91484375 0.4421875 0.07734375 0.0625
2 0.65625 0.36640625 0.059375 0.0671875
8 0.790625 0.5390625 0.078125 0.05078125
10 0.74296875 0.584375 0.07578125 0.05625
3 0.4875 0.49375 0.06796875 0.05546875
11 0.66328125 0.44296875 0.0640625 0.0609375
11 0.5625 0.73203125 0.07734375 0.05234375
