7 0.8473557692307693 0.717180503876931 0.078125 0.140786753870594
9 0.8125 0.466586990515054 0.09375 0.21077102772163578
10 0.6033653846153846 0.27312206418994567 0.06490384615384616 0.18142136238716794
3 0.5084134615384616 0.11372176386462016 0.0673076923076923 0.13579024475478388
6 0.5240384615384616 0.04701844530640715 0.04807692307692308 0.0940368906128143
6 0.703125 0.38676536901080855 0.054086538461538464 0.11873254557905027
6 0.6802884615384616 0.20567359765700582 0.057692307692307696 0.1067762537458587
6 0.5192307692307693 0.2854079470565024 0.04927884615384615 0.10903324238228002
6 0.6310096153846154 0.48778376311620886 0.056490384615384616 0.11637065871589687
11 0.4423076923076923 0.3792987212817499 0.0625 0.1417159415580135
3 0.15625 0.5946284153357352 0.07692307692307693 0.1503811588406321
5 0.3605769230769231 0.27615802947299845 0.06610576923076923 0.17423080357097592
4 0.26802884615384615 0.35589846216467247 0.078125 0.2020848307936708
0 0.2608173076923077 0.6108320323444433 0.05889423076923077 0.11641261800658963
1 0.25240384615384615 0.7407865821695605 0.07091346153846154 0.14186279907543856
1 0.203125 0.04778929133425066 0.06490384615384616 0.09557858266850132
0 0.28125 0.04827790646939562 0.057692307692307696 0.09655581293879124
0 0.4387019230769231 0.2880155063716353 0.057692307692307696 0.10797817682278171
0 0.2848557692307692 0.20536436251443801 0.04807692307692308 0.11622380119847196
2 0.43990384615384615 0.5896772190339812 0.06850961538461539 0.15263814747705334
0 0.4483173076923077 0.7289534384396332 0.06009615384615385 0.12244321303655152
