0 0.557692 0.454327 0.081731 0.081731
1 0.088942 0.917067 0.110577 0.103365
0 0.667067 0.552885 0.079327 0.081731
0 0.909856 0.675481 0.088942 0.086538
0 0.216346 0.435096 0.081731 0.081731
0 0.778846 0.557692 0.081731 0.091346
0 0.092548 0.438702 0.084135 0.079327
0 0.448317 0.552885 0.079327 0.076923
8 0.216346 0.555288 0.086538 0.091346
6 0.560096 0.334135 0.081731 0.086538
6 0.674279 0.442308 0.079327 0.086538
6 0.913462 0.205529 0.086538 0.088942
6 0.788462 0.320913 0.081731 0.084135
3 0.31851 0.677885 0.098558 0.086538
1 0.673077 0.923077 0.091346 0.100962
7 0.088942 0.064904 0.110577 0.125
7 0.682692 0.06851 0.091346 0.117788
4 0.794471 0.915865 0.103365 0.120192
11 0.205529 0.06851 0.098558 0.108173
6 0.21875 0.205529 0.076923 0.088942
3 0.316106 0.560096 0.103365 0.081731
6 0.09375 0.195913 0.086538 0.084135
9 0.445913 0.074519 0.09375 0.134615
8 0.445913 0.207933 0.088942 0.103365
2 0.211538 0.801683 0.096154 0.09375
