1 0.043549 0.953118 0.087098 0.093764
0 0.049177 0.824422 0.098354 0.108737
0 0.172463 0.83072 0.103859 0.099623
0 0.963049 0.789472 0.073903 0.096581
3 0.844118 0.941609 0.103452 0.116782
0 0.825819 0.79442 0.104116 0.103423
0 0.435681 0.67606 0.114934 0.109673
0 0.707593 0.81178 0.113686 0.10593
1 0.967943 0.938591 0.064114 0.122818
0 0.303721 0.817549 0.099223 0.098949
6 0.947032 0.187369 0.105937 0.095482
6 0.195082 0.194507 0.098551 0.083011
6 0.065164 0.186583 0.087253 0.106158
0 0.573252 0.560862 0.095812 0.083793
8 0.33 0.067621 0.093727 0.123538
6 0.435438 0.433976 0.08785 0.098839
6 0.812599 0.180056 0.098407 0.089184
7 0.066005 0.063933 0.130984 0.103117
11 0.819007 0.0586 0.097449 0.1172
6 0.567835 0.311719 0.098852 0.093516
6 0.700705 0.195593 0.086433 0.090999
8 0.692978 0.057814 0.10808 0.115628
6 0.315391 0.191979 0.089894 0.074927
3 0.174916 0.952506 0.10959 0.094988
2 0.710695 0.941838 0.102692 0.116324
2 0.313418 0.944173 0.108443 0.111654
4 0.580793 0.949874 0.105164 0.100252
10 0.446584 0.059402 0.111473 0.118628
11 0.194364 0.067587 0.099224 0.126649
5 0.455493 0.946731 0.12533 0.106538
7 0.944305 0.055251 0.111389 0.110501
9 0.56732 0.062013 0.0988 0.124026
