0 0.859874 0.653026 0.078096 0.078096
0 0.746952 0.550657 0.071764 0.080206
0 0.646693 0.546436 0.069653 0.071764
0 0.550657 0.45462 0.071764 0.069653
1 0.138015 0.866206 0.094981 0.09076
0 0.455675 0.546436 0.067542 0.071764
0 0.140126 0.650915 0.078096 0.069653
6 0.253048 0.24144 0.063321 0.078096
6 0.861985 0.242495 0.073875 0.080206
6 0.453564 0.45462 0.067542 0.073875
6 0.753284 0.342753 0.071764 0.073875
6 0.140126 0.232996 0.073875 0.073875
6 0.550657 0.352251 0.071764 0.075985
6 0.654081 0.448288 0.067542 0.073875
5 0.343808 0.75856 0.075985 0.094981
11 0.336421 0.338532 0.082317 0.082317
1 0.65197 0.871483 0.080206 0.08865
2 0.349085 0.86093 0.073875 0.08865
7 0.140126 0.117964 0.099203 0.109756
0 0.24355 0.539048 0.069653 0.069653
3 0.550657 0.760671 0.075985 0.086539
3 0.45462 0.761727 0.073875 0.080207
11 0.238273 0.343808 0.092871 0.071764
9 0.758561 0.12324 0.086539 0.12031
2 0.455675 0.648804 0.071764 0.078096
8 0.555934 0.241439 0.078096 0.082317
8 0.448288 0.24144 0.073875 0.086539
10 0.452509 0.125351 0.082317 0.116089
7 0.659357 0.124295 0.086539 0.105535
4 0.759616 0.867261 0.097092 0.105535
