7 0.992658 0.302079 0.014685 0.143592
11 0.429483 0.271701 0.110236 0.117983
1 0.003549 0.706063 0.007097 0.162089
0 0.743682 0.946706 0.118878 0.106588
4 0.366489 0.916297 0.141114 0.161035
5 0.263336 0.867322 0.146542 0.162037
0 0.321795 0.744724 0.113503 0.11793
11 0.726111 0.425743 0.119826 0.130893
0 0.032107 0.594109 0.064214 0.122198
6 0.255923 0.060006 0.10502 0.103913
2 0.477704 0.945843 0.13263 0.108315
6 0.969 0.416641 0.062001 0.113556
7 0.307507 0.00945 0.145806 0.018901
8 0.522034 0.062761 0.118931 0.118931
0 0.511991 0.571375 0.108182 0.110395
6 0.782464 0.307466 0.108182 0.110395
6 0.369325 0.112644 0.102806 0.106127
6 0.887778 0.357495 0.104967 0.107181
6 0.472004 0.168074 0.100646 0.105073
8 0.214942 0.429164 0.134002 0.129575
0 0.571149 0.737968 0.113503 0.11793
0 0.108481 0.644692 0.11245 0.11577
10 0.625714 0.110657 0.123199 0.124306
6 0.576064 0.472911 0.109235 0.112555
6 0.576158 0.209515 0.105968 0.112608
0 0.210634 0.701203 0.111343 0.116876
3 0.255762 0.589487 0.126255 0.137322
1 0.692652 0.992104 0.151916 0.015792
0 0.627461 0.888463 0.122092 0.125413
3 0.413777 0.805635 0.134633 0.157874
9 0.734768 0.158499 0.123146 0.127573
2 0.15913 0.820507 0.136899 0.152393
