11 0.370228 0.308968 0.119338 0.145608
5 0.456263 0.957647 0.133575 0.084706
1 0.035727 0.950476 0.071455 0.099049
11 0.854694 0.362768 0.149452 0.155663
0 0.988063 0.897073 0.023874 0.091721
6 0.026409 0.090253 0.052817 0.142784
4 0.593657 0.963447 0.137618 0.073106
2 0.740042 0.973535 0.144241 0.052931
0 0.040593 0.728828 0.081186 0.102291
8 0.385658 0.016405 0.175704 0.03281
6 0.991396 0.197409 0.017207 0.133602
0 0.175367 0.853779 0.111035 0.095105
0 0.628265 0.626242 0.132203 0.110728
6 0.36721 0.139339 0.129265 0.152548
10 0.560054 0.038442 0.167834 0.076884
6 0.882651 0.180638 0.148789 0.141065
0 0.467857 0.870289 0.115874 0.084839
6 0.176287 0.107811 0.13664 0.147334
6 0.668922 0.485683 0.14735 0.126542
0 0.766886 0.767967 0.125734 0.100365
6 0.54283 0.152741 0.137796 0.148888
0 0.317523 0.858132 0.113863 0.097508
1 0.964321 0.975121 0.071357 0.049757
0 0.885124 0.882391 0.135072 0.103516
3 0.319721 0.738476 0.116237 0.12918
8 0.039072 0.423784 0.078143 0.136039
3 0.61171 0.886524 0.122464 0.144449
2 0.312304 0.96042 0.120467 0.079159
9 0.754833 0.041247 0.18598 0.082495
