11 0.072191 0.219834 0.114493 0.133882
11 0.629327 0.039863 0.126052 0.079727
7 0.737433 0.012922 0.132977 0.025843
1 0.266006 0.986386 0.137086 0.027229
5 0.604275 0.921893 0.135701 0.156214
6 0.031314 0.3781 0.062628 0.10021
0 0.971098 0.632097 0.057804 0.114013
7 0.016719 0.264213 0.033438 0.132452
4 0.715392 0.880843 0.137946 0.160104
10 0.299249 0.140577 0.124522 0.130062
6 0.659116 0.122423 0.10556 0.10556
6 0.128392 0.329588 0.10193 0.106085
6 0.777564 0.082198 0.111768 0.111768
6 0.236309 0.292109 0.098825 0.10298
6 0.554041 0.163961 0.10193 0.106085
0 0.230962 0.929981 0.111244 0.115398
8 0.197279 0.1835 0.118503 0.114348
6 0.34363 0.249712 0.102455 0.102455
6 0.449826 0.207744 0.09658 0.10212
2 0.822544 0.834649 0.126052 0.144055
1 0.987341 0.748658 0.025318 0.162683
3 0.379797 0.969545 0.117073 0.060909
8 0.5163 0.059284 0.122468 0.118568
0 0.76713 0.71687 0.106754 0.113678
0 0.338712 0.888705 0.105034 0.109189
9 0.405971 0.09326 0.127627 0.133166
0 0.558103 0.799516 0.104509 0.112818
0 0.449136 0.847692 0.107614 0.115923
0 0.874712 0.671797 0.114348 0.118503
3 0.932348 0.805457 0.118123 0.133357
2 0.495236 0.944943 0.117933 0.110113
0 0.656181 0.763232 0.113824 0.122133
