0 0.444712 0.549279 0.086538 0.079327
1 0.911058 0.082933 0.110577 0.103365
0 0.090144 0.324519 0.088942 0.086538
0 0.332933 0.444712 0.079327 0.081731
0 0.783654 0.564904 0.081731 0.081731
0 0.90625 0.561298 0.086538 0.079327
0 0.21875 0.439904 0.081731 0.086538
8 0.66226 0.919471 0.088942 0.117788
0 0.550481 0.444712 0.076923 0.076923
6 0.675481 0.444712 0.076923 0.081731
6 0.909856 0.804087 0.084135 0.084135
1 0.328125 0.076923 0.088942 0.100962
6 0.21274 0.679087 0.079327 0.084135
6 0.086538 0.794471 0.086538 0.088942
6 0.324519 0.558894 0.076923 0.084135
7 0.91226 0.935096 0.108173 0.125
6 0.442308 0.667067 0.081731 0.084135
3 0.442308 0.201923 0.086538 0.100962
8 0.436298 0.796875 0.079327 0.103365
6 0.78125 0.794471 0.076923 0.088942
11 0.792067 0.935096 0.088942 0.125
4 0.205529 0.082933 0.103365 0.117788
7 0.31851 0.930288 0.09375 0.120192
9 0.554087 0.929087 0.09375 0.132212
3 0.810096 0.325721 0.120192 0.079327
2 0.78726 0.198317 0.09375 0.09375
