7 0.67056 0.002749 0.146139 0.005498
0 0.974954 0.569923 0.050092 0.122528
0 0.671741 0.469313 0.111783 0.112766
8 0.217138 0.575249 0.131985 0.125104
7 0.009104 0.330838 0.018209 0.145613
6 0.026749 0.439459 0.053498 0.107392
10 0.786531 0.421421 0.150986 0.154918
6 0.109406 0.379347 0.10429 0.10724
6 0.721706 0.055148 0.119273 0.110296
9 0.35552 0.108331 0.134715 0.138647
6 0.609263 0.105965 0.112766 0.111783
6 0.616816 0.371929 0.106409 0.108376
6 0.212238 0.326955 0.104291 0.10724
4 0.906161 0.354571 0.16536 0.153563
2 0.284293 0.705624 0.119273 0.11829
0 0.892865 0.62489 0.123816 0.126766
