7 0.917067 0.082933 0.112981 0.098558
0 0.918269 0.801683 0.091346 0.088942
11 0.33774 0.329327 0.088942 0.100962
7 0.088942 0.08774 0.115385 0.103365
6 0.088942 0.211538 0.081731 0.076923
6 0.908654 0.209135 0.086538 0.086538
8 0.449519 0.221154 0.096154 0.091346
6 0.213942 0.209135 0.076923 0.081731
6 0.784856 0.204327 0.084135 0.081731
6 0.669471 0.205529 0.079327 0.084135
0 0.205529 0.576923 0.088942 0.086538
3 0.805288 0.674279 0.125 0.098558
10 0.436298 0.561298 0.09375 0.108173
1 0.203125 0.813702 0.098558 0.122596
6 0.329327 0.213942 0.076923 0.081731
0 0.669471 0.685096 0.079327 0.091346
2 0.334135 0.936298 0.086538 0.127404
2 0.205529 0.439904 0.09375 0.091346
0 0.329327 0.807692 0.081731 0.096154
0 0.790865 0.796875 0.091346 0.098558
9 0.561298 0.08774 0.098558 0.103365
4 0.796875 0.93149 0.117788 0.137019
