1 0.055722 0.936991 0.111444 0.122933
1 0.932397 0.930053 0.124095 0.116702
0 0.061429 0.790271 0.107619 0.115969
0 0.190823 0.799621 0.098072 0.104972
0 0.31492 0.808685 0.103347 0.114455
0 0.554885 0.687925 0.100637 0.099717
0 0.677548 0.811778 0.09863 0.103517
0 0.798112 0.813249 0.107721 0.108614
0 0.92558 0.810907 0.109972 0.111216
3 0.55403 0.427881 0.093814 0.116957
3 0.675218 0.684793 0.093742 0.123823
11 0.807382 0.061494 0.094049 0.122989
2 0.063613 0.066122 0.117898 0.11703
8 0.678504 0.056832 0.100807 0.113664
8 0.31792 0.056413 0.104135 0.112827
7 0.917503 0.056665 0.126789 0.11333
5 0.311656 0.308447 0.117948 0.116009
4 0.543494 0.94024 0.1201 0.119521
9 0.184543 0.061563 0.119392 0.123127
6 0.063798 0.316571 0.101758 0.091647
6 0.184244 0.302834 0.086362 0.079396
6 0.559219 0.191729 0.098877 0.101625
6 0.671854 0.317113 0.091719 0.093119
6 0.798609 0.191937 0.088664 0.097521
6 0.914874 0.167704 0.107433 0.099443
