7 0.941964 0.061525 0.116072 0.108889
0 0.919898 0.815724 0.111374 0.084935
11 0.269454 0.339614 0.135695 0.114617
6 0.011655 0.204651 0.023311 0.10302
7 0.021609 0.064299 0.043219 0.128599
6 0.939283 0.200583 0.11152 0.103119
6 0.123026 0.204698 0.109314 0.089989
6 0.792665 0.190571 0.111532 0.104755
6 0.664039 0.195215 0.093365 0.109522
8 0.401595 0.213171 0.129027 0.111081
0 0.133404 0.602745 0.098965 0.085273
10 0.390321 0.587408 0.113015 0.113198
3 0.80598 0.690506 0.150067 0.103771
6 0.258226 0.202806 0.094338 0.11091
1 0.142036 0.843301 0.124222 0.126563
0 0.655321 0.699059 0.101227 0.110445
2 0.130335 0.456816 0.124557 0.100488
9 0.53616 0.063758 0.138696 0.126806
0 0.782413 0.812069 0.11948 0.107094
0 0.28816 0.837662 0.106383 0.106626
2 0.530508 0.710056 0.101983 0.119287
4 0.667739 0.836819 0.119824 0.15105
