1 0.695913 0.066106 0.103365 0.127404
1 0.08774 0.929087 0.127404 0.122596
0 0.932692 0.794471 0.096154 0.084135
0 0.805288 0.804087 0.091346 0.098558
0 0.686298 0.808894 0.084135 0.084135
0 0.449519 0.691106 0.086538 0.09375
0 0.331731 0.810096 0.086538 0.086538
0 0.21274 0.8125 0.088942 0.096154
0 0.086538 0.814904 0.091346 0.096154
3 0.683894 0.307692 0.088942 0.134615
11 0.198317 0.067308 0.09375 0.129808
8 0.205529 0.194712 0.108173 0.110577
7 0.08774 0.067308 0.117788 0.129808
5 0.936298 0.069712 0.122596 0.129808
4 0.460337 0.939904 0.108173 0.120192
9 0.804087 0.323317 0.108173 0.108173
6 0.927885 0.324519 0.091346 0.091346
6 0.799279 0.451923 0.084135 0.091346
6 0.442308 0.207933 0.081731 0.098558
6 0.203125 0.449519 0.084135 0.086538
6 0.08774 0.185096 0.098558 0.091346
