0 0.02902 0.539152 0.058039 0.118826
1 0.002611 0.639082 0.005222 0.144813
0 0.100791 0.599314 0.109194 0.109194
0 0.492914 0.840459 0.112503 0.112503
0 0.699729 0.951001 0.115327 0.097997
6 0.973172 0.466444 0.053656 0.119901
0 0.57562 0.487419 0.109974 0.108415
0 0.58904 0.881548 0.109679 0.112018
0 0.196485 0.657095 0.115032 0.116592
3 0.518813 0.969863 0.134001 0.060274
0 0.42224 0.518324 0.109194 0.109194
6 0.417135 0.1039 0.110944 0.114063
6 0.63671 0.390945 0.111723 0.113283
6 0.476565 0.419079 0.10715 0.10793
8 0.587492 0.061604 0.133031 0.123208
6 0.898187 0.400054 0.109679 0.112018
6 0.806097 0.350155 0.10637 0.108709
6 0.312189 0.043498 0.115812 0.086996
2 0.139241 0.758775 0.121355 0.126814
11 0.60278 0.217322 0.124959 0.126519
2 0.363775 0.603702 0.118341 0.119901
11 0.482451 0.030769 0.140619 0.061538
3 0.300261 0.726942 0.12262 0.128858
10 0.679487 0.109309 0.142178 0.152315
8 0.869221 0.225261 0.138869 0.149006
4 0.323969 0.894242 0.132736 0.145213
5 0.238539 0.824438 0.134781 0.146477
6 0.510005 0.157107 0.107635 0.110754
9 0.776203 0.167722 0.149471 0.168185
