1 0.951039 0.746988 0.097922 0.09237
0 0.651335 0.633534 0.103858 0.070281
0 0.078635 0.642571 0.103858 0.068273
0 0.215134 0.635542 0.103858 0.070281
0 0.777448 0.624498 0.10089 0.072289
8 0.234422 0.038153 0.112759 0.076305
0 0.948071 0.630522 0.103857 0.072289
6 0.951038 0.13755 0.097923 0.070281
6 0.081603 0.140562 0.097923 0.072289
6 0.507418 0.25 0.100891 0.074297
6 0.660238 0.140562 0.097923 0.072289
6 0.354599 0.340362 0.097923 0.070281
3 0.793769 0.746988 0.103858 0.100401
4 0.504452 0.746988 0.10089 0.100401
8 0.655787 0.035141 0.112759 0.070281
2 0.221068 0.733936 0.103858 0.086345
0 0.366469 0.433735 0.103858 0.068273
6 0.793769 0.139558 0.097923 0.070281
11 0.074184 0.038153 0.112759 0.076306
11 0.357566 0.138554 0.127596 0.072289
0 0.504452 0.343374 0.10089 0.068273
3 0.369437 0.642571 0.109792 0.084338
7 0.948071 0.039157 0.103857 0.078313
5 0.373887 0.740964 0.112759 0.096386
2 0.362018 0.525101 0.106824 0.074297
10 0.369437 0.043173 0.109792 0.086346
6 0.216618 0.329318 0.106824 0.068273
9 0.505935 0.041165 0.115727 0.08233
