11 0.158889 0.326389 0.073333 0.077381
7 0.692223 0.123016 0.095555 0.087301
0 0.696666 0.717262 0.082222 0.073412
0 0.04 0.531746 0.08 0.071428
4 0.37 0.825396 0.086667 0.115079
6 0.687778 0.230159 0.082222 0.071428
2 0.482222 0.826389 0.084444 0.105159
8 0.155556 0.131944 0.084444 0.073412
6 0.574445 0.225198 0.077778 0.065476
0 0.466666 0.621031 0.075556 0.075397
6 0.467778 0.226191 0.073333 0.067461
6 0.046666 0.229167 0.071111 0.069445
1 0.591111 0.828373 0.102222 0.10119
6 0.152222 0.231151 0.068889 0.069445
6 0.251111 0.514881 0.071111 0.069445
10 0.143334 0.53373 0.082222 0.083334
8 0.04 0.318453 0.08 0.069445
3 0.364444 0.727182 0.075556 0.105159
0 0.153333 0.724206 0.075556 0.075397
5 0.26 0.725198 0.075556 0.109127
9 0.368889 0.128968 0.084444 0.087301
2 0.158889 0.830357 0.091111 0.105159
