0 0.97017 0.676301 0.059659 0.109826
8 0.164773 0.236994 0.107954 0.104046
10 0.309659 0.683526 0.102272 0.16474
6 0.03125 0.005781 0.0625 0.011561
6 0.965909 0.007226 0.068181 0.014451
6 0.838069 0.001445 0.090909 0.00289
6 0.701704 0.00289 0.090909 0.005781
6 0.160511 0.005781 0.088068 0.011561
6 0.296875 0.007225 0.088068 0.01445
0 0.701704 0.533237 0.096591 0.106936
3 0.576705 0.680635 0.125 0.124277
2 0.160511 0.407515 0.105113 0.115607
4 0.856534 0.547687 0.139204 0.141618
0 0.84091 0.673411 0.107954 0.115607
