7 0.915865 0.081731 0.110577 0.100962
11 0.338942 0.326923 0.086538 0.100962
0 0.917067 0.801683 0.088942 0.088942
6 0.088942 0.211538 0.081731 0.076923
7 0.088942 0.088942 0.115385 0.100962
6 0.908654 0.209135 0.086538 0.086538
8 0.448317 0.223558 0.09375 0.091346
6 0.213942 0.209135 0.076923 0.081731
6 0.786058 0.203125 0.076923 0.079327
6 0.669471 0.203125 0.079327 0.084135
3 0.807692 0.671875 0.120192 0.098558
0 0.205529 0.576923 0.088942 0.086538
6 0.329327 0.213942 0.076923 0.081731
2 0.203125 0.436298 0.088942 0.088942
1 0.201923 0.8125 0.100962 0.120192
0 0.329327 0.807692 0.081731 0.096154
0 0.670673 0.683894 0.081731 0.088942
2 0.330529 0.929087 0.079327 0.132212
10 0.445913 0.930288 0.09375 0.139423
9 0.558894 0.08774 0.098558 0.103365
4 0.680288 0.811298 0.096154 0.132212
0 0.789663 0.796875 0.088942 0.098558
