1 0.060096 0.927885 0.115385 0.125
1 0.913462 0.929087 0.125 0.117788
0 0.069712 0.788462 0.096154 0.091346
0 0.19351 0.802885 0.088942 0.091346
0 0.31851 0.804087 0.09375 0.088942
0 0.551683 0.691106 0.088942 0.088942
0 0.667067 0.808894 0.09375 0.088942
0 0.78726 0.816106 0.088942 0.09375
0 0.913462 0.816106 0.096154 0.09375
3 0.554087 0.427885 0.084135 0.115385
3 0.78726 0.942308 0.098558 0.115384
11 0.802885 0.064904 0.091346 0.125
2 0.06851 0.084135 0.112981 0.120192
8 0.552885 0.334135 0.091346 0.096154
8 0.66226 0.069712 0.098558 0.134615
7 0.913462 0.067308 0.125 0.129808
5 0.424279 0.68149 0.098558 0.103365
4 0.543269 0.939904 0.100962 0.120192
9 0.304087 0.177885 0.103365 0.129808
6 0.069712 0.324519 0.091346 0.086538
6 0.195913 0.31851 0.084135 0.088942
6 0.557692 0.206731 0.081731 0.091346
6 0.669471 0.209135 0.084135 0.091346
6 0.792067 0.205529 0.09375 0.09375
6 0.913462 0.1875 0.091346 0.100962
