1 0.201639 0.847481 0.078689 0.124669
1 0.783607 0.847481 0.085246 0.129973
0 0.207377 0.690982 0.067213 0.092839
0 0.292623 0.708223 0.063934 0.09549
0 0.377869 0.708223 0.063934 0.09549
0 0.614754 0.713528 0.062295 0.100796
0 0.698361 0.717507 0.062295 0.103448
0 0.783607 0.721486 0.062295 0.100796
0 0.537705 0.586207 0.062295 0.106101
3 0.538525 0.309019 0.057377 0.135278
3 0.698361 0.864722 0.065574 0.122016
8 0.537705 0.190982 0.065574 0.100796
5 0.37459 0.56764 0.070492 0.111406
4 0.531967 0.859417 0.070492 0.132626
9 0.368852 0.049072 0.07541 0.098143
6 0.210656 0.181697 0.057377 0.092839
6 0.294262 0.17374 0.057377 0.098143
6 0.538525 0.050398 0.057377 0.100796
6 0.613115 0.192308 0.062295 0.098143
6 0.701639 0.050398 0.059016 0.100796
6 0.782787 0.041114 0.063934 0.082228
