0 0.565498 0.363601 0.130733 0.097851
0 0.936028 0.59702 0.107143 0.110784
0 0.679872 0.486306 0.116074 0.099696
0 0.141936 0.353254 0.136593 0.092005
0 0.023635 0.350695 0.047271 0.086534
0 0.807297 0.48095 0.109112 0.100954
8 0.39162 0.029109 0.119582 0.058218
0 0.415259 0.493443 0.117746 0.102093
6 0.254423 0.485534 0.153961 0.105961
6 0.063991 0.093622 0.127982 0.099102
1 0.643775 0.930433 0.151953 0.139135
6 0.82696 0.246983 0.090035 0.091066
6 0.950913 0.155399 0.07758 0.091978
6 0.707727 0.358087 0.093027 0.086467
7 0.093664 0.011469 0.182712 0.022939
6 0.581411 0.243593 0.097392 0.081517
3 0.501954 0.79476 0.157503 0.165351
8 0.609997 0.132141 0.106479 0.10158
6 0.213497 0.107792 0.136677 0.085129
11 0.235742 0.023177 0.139182 0.046355
4 0.802645 0.913298 0.143563 0.173405
7 0.745878 0.044053 0.11556 0.088105
9 0.504252 0.032145 0.112888 0.06429
3 0.060467 0.65431 0.120935 0.14167
2 0.042041 0.850812 0.084082 0.178116
