11 0.287804 0.223529 0.078049 0.149019
11 0.628049 0.235294 0.080488 0.172549
0 0.876829 0.962745 0.090244 0.074509
6 0.039024 0.05098 0.078049 0.10196
6 0.868293 0.052941 0.087805 0.105883
0 0.043903 0.825491 0.087804 0.137256
6 0.742683 0.047059 0.07561 0.094118
0 0.39878 0.962745 0.080488 0.074509
0 0.497561 0.605882 0.078049 0.137256
0 0.157317 0.966667 0.080488 0.066666
6 0.626829 0.047059 0.078049 0.094118
6 0.162195 0.050981 0.07561 0.101962
6 0.390244 0.413726 0.078049 0.137256
6 0.508537 0.415687 0.080488 0.141176
0 0.626829 0.811764 0.082927 0.149019
8 0.047561 0.415687 0.095122 0.141176
0 0.279268 0.968627 0.080488 0.062745
6 0.280488 0.052941 0.07317 0.105882
3 0.269513 0.813725 0.085366 0.17647
3 0.513414 0.956863 0.090244 0.086274
