7 0.082933 0.913462 0.112981 0.091346
0 0.082933 0.198317 0.088942 0.088942
11 0.66226 0.671875 0.084135 0.103365
4 0.322115 0.06851 0.105769 0.137019
7 0.911058 0.911058 0.115385 0.100962
6 0.911058 0.788462 0.081731 0.076923
8 0.551683 0.77524 0.09375 0.088942
6 0.091346 0.790865 0.086538 0.086538
6 0.786058 0.790865 0.076923 0.081731
6 0.213942 0.795673 0.081731 0.081731
6 0.330529 0.795673 0.079327 0.081731
0 0.792067 0.421875 0.084135 0.084135
6 0.670673 0.786058 0.076923 0.081731
3 0.194712 0.331731 0.125 0.100962
0 0.328125 0.3125 0.084135 0.096154
1 0.796875 0.186298 0.098558 0.122596
0 0.670673 0.192308 0.081731 0.096154
10 0.550481 0.06851 0.091346 0.137019
2 0.794471 0.558894 0.09375 0.088942
9 0.441106 0.91226 0.098558 0.103365
2 0.665865 0.069712 0.086538 0.125
0 0.21274 0.205529 0.09375 0.09375
