0 0.947867 0.853847 0.090047 0.113846
11 0.375592 0.250769 0.082939 0.132307
4 0.597156 0.964615 0.090047 0.07077
6 0.130331 0.098461 0.080569 0.098461
0 0.242891 0.563077 0.087677 0.110769
2 0.718009 0.96923 0.090047 0.061539
7 0.126778 0.003077 0.111375 0.006154
6 0.938389 0.095385 0.085308 0.110769
1 0.248816 0.972308 0.099527 0.055385
8 0.368484 0.004615 0.097157 0.009231
0 0.137441 0.716924 0.085308 0.110769
6 0.252369 0.095385 0.073459 0.104616
6 0.817536 0.084615 0.075829 0.101539
6 0.702606 0.090769 0.078199 0.107693
0 0.701422 0.701538 0.080569 0.116923
6 0.367299 0.098461 0.07109 0.104616
10 0.356635 0.566154 0.087677 0.129231
0 0.366114 0.856924 0.082939 0.12
3 0.593602 0.872308 0.082939 0.175384
9 0.593602 0.003077 0.097157 0.006154
0 0.818721 0.846154 0.087677 0.123077
2 0.372038 0.972308 0.090047 0.055385
8 0.829384 0.961538 0.099527 0.076923
