1 0.156256 0.170628 0.143458 0.156783
1 0.980335 0.744138 0.03933 0.161298
0 0.20854 0.934726 0.120613 0.113951
0 0.330322 0.896079 0.121538 0.125536
0 0.442502 0.856113 0.109463 0.109463
0 0.618182 0.658439 0.115283 0.11928
0 0.771878 0.724848 0.11259 0.11259
0 0.883162 0.682651 0.11841 0.122408
0 0.970408 0.637763 0.059185 0.123306
3 0.257604 0.390257 0.13277 0.158088
11 0.618318 0.031837 0.135436 0.063673
8 0.659195 0.106845 0.141636 0.142968
7 0.720899 0.013438 0.157735 0.026876
5 0.007849 0.263723 0.015698 0.166193
4 0.701037 0.893285 0.145225 0.151888
9 0.151936 0.449627 0.140738 0.140738
6 0.048481 0.496963 0.096962 0.118845
6 0.204413 0.567138 0.112156 0.116153
6 0.444475 0.207513 0.112618 0.121946
6 0.75656 0.342329 0.110361 0.111693
6 0.764876 0.057358 0.125536 0.114716
