7 0.83207 0.076923 0.118687 0.104219
0 0.83207 0.82134 0.093434 0.094293
0 0.566919 0.568238 0.088384 0.094293
8 0.095959 0.441687 0.106061 0.08933
6 0.002525 0.209678 0.00505 0.081886
7 0.011364 0.083126 0.022727 0.106699
6 0.82197 0.208437 0.093434 0.08933
6 0.092171 0.208437 0.078283 0.084367
10 0.45202 0.828784 0.095959 0.138957
6 0.565657 0.449132 0.080808 0.084368
6 0.690657 0.200992 0.083333 0.084367
6 0.213384 0.210918 0.078283 0.084367
4 0.843435 0.575683 0.141414 0.104219
9 0.457071 0.079405 0.106061 0.104219
2 0.092171 0.590571 0.093434 0.08933
0 0.695707 0.815136 0.093434 0.101737
