11 0.482 0.176339 0.064 0.174107
0 0.965 0.986607 0.07 0.026785
0 0.574 0.984375 0.068 0.03125
11 0.76 0.191965 0.068 0.196428
0 0.282 0.986607 0.072 0.026785
6 0.275 0.017857 0.066 0.035713
6 0.958 0.017858 0.072 0.035715
0 0.653 0.609375 0.066 0.156251
6 0.759 0.013393 0.066 0.026786
6 0.379 0.017858 0.062 0.035715
6 0.856 0.011161 0.064 0.022321
6 0.476 0.022321 0.06 0.044643
8 0.379 0.613839 0.086 0.174107
0 0.758 0.839285 0.068 0.169643
0 0.378 0.98884 0.068 0.022321
6 0.665 0.392858 0.066 0.160713
6 0.569 0.017857 0.062 0.035714
0 0.475 0.993303 0.066 0.013393
3 0.468 0.848214 0.072 0.205357
0 0.855 0.977678 0.074 0.044643
3 0.665 0.977679 0.07 0.044642
