0 0.506097 0.47482 0.069106 0.115108
0 0.598577 0.629497 0.067073 0.122302
0 0.414634 0.629497 0.065041 0.122302
0 0.692073 0.63669 0.067073 0.13669
0 0.804878 0.811151 0.07317 0.133093
0 0.115854 0.629497 0.07317 0.122302
6 0.506097 0.305755 0.069106 0.122303
6 0.806911 0.115108 0.07317 0.129496
6 0.412601 0.47482 0.065041 0.122302
6 0.220529 0.11331 0.063008 0.133093
6 0.605691 0.462231 0.065041 0.1259
6 0.700204 0.284172 0.067073 0.129496
11 0.208333 0.284172 0.095529 0.13669
5 0.308943 0.953237 0.07317 0.093526
3 0.506097 0.960432 0.07317 0.079137
11 0.193089 0.003597 0.085366 0.007195
0 0.216463 0.453237 0.067073 0.122302
8 0.511179 0.109712 0.075203 0.147482
2 0.414634 0.800359 0.07317 0.133093
6 0.112805 0.100719 0.071139 0.129496
9 0.504065 0.007194 0.07317 0.014388
8 0.408537 0.109712 0.07317 0.147482
10 0.309959 0.001799 0.087398 0.003598
7 0.612805 0.001798 0.079268 0.003597
3 0.196138 0.809353 0.099593 0.122303
