9 0.1484375 0.34296875 0.0890625 0.1015625
10 0.14296875 0.425 0.096875 0.07578125
6 0.26875 0.1828125 0.06328125 0.07109375
6 0.2640625 0.23671875 0.075 0.07109375
6 0.36796875 0.36796875 0.07109375 0.0671875
6 0.46015625 0.43125 0.0734375 0.0671875
6 0.2640625 0.51015625 0.084375 0.06484375
6 0.26796875 0.5859375 0.078125 0.0578125
6 0.3671875 0.67109375 0.0828125 0.06484375
4 0.853125 0.3546875 0.11171875 0.08671875
0 0.70703125 0.1796875 0.065625 0.06953125
0 0.7109375 0.240625 0.06796875 0.06484375
0 0.72421875 0.303125 0.0734375 0.0625
0 0.56953125 0.4375 0.06796875 0.06484375
0 0.653125 0.509375 0.08046875 0.0609375
0 0.7671875 0.49921875 0.09140625 0.05859375
0 0.79375 0.6546875 0.08671875 0.05625
1 0.796875 0.17890625 0.08515625 0.08125
1 0.91640625 0.6546875 0.115625 0.05859375
5 0.85703125 0.42421875 0.11171875 0.07890625
7 0.1296875 0.68046875 0.109375 0.06640625
7 0.16953125 0.16796875 0.08515625 0.08671875
2 0.58046875 0.65859375 0.08515625 0.0609375
2 0.88203125 0.49921875 0.11640625 0.06796875
8 0.14609375 0.4984375 0.1 0.0734375
3 0.47421875 0.353125 0.07734375 0.08046875
11 0.3640625 0.50625 0.0890625 0.07109375
11 0.16640625 0.22578125 0.08046875 0.09296875
