1 0.187666 0.804654 0.081924 0.080217
1 0.792707 0.803801 0.090457 0.081924
0 0.192786 0.703956 0.064856 0.059736
0 0.280684 0.71505 0.059736 0.064856
0 0.369434 0.715903 0.069977 0.063149
0 0.537549 0.635686 0.06827 0.059736
0 0.619472 0.721023 0.061442 0.059736
0 0.70481 0.723584 0.061442 0.064856
0 0.792707 0.72529 0.066563 0.064856
3 0.447091 0.547789 0.064856 0.085337
3 0.70481 0.815748 0.06827 0.07851
11 0.71505 0.19108 0.064856 0.088751
2 0.192786 0.20388 0.081924 0.08363
8 0.367727 0.19364 0.066563 0.087044
8 0.616059 0.194493 0.06827 0.088751
7 0.792707 0.192786 0.090457 0.092164
5 0.448798 0.803801 0.071684 0.081924
4 0.531575 0.812334 0.07339 0.085337
9 0.449651 0.194493 0.066563 0.095577
6 0.196199 0.290924 0.06827 0.066563
6 0.286657 0.369434 0.061442 0.056323
6 0.538402 0.290924 0.059736 0.063149
6 0.620325 0.292631 0.059736 0.063149
6 0.705662 0.290924 0.063149 0.066563
6 0.792707 0.273856 0.063149 0.063149
