0 0.536296 0.464054 0.108474 0.090258
1 0.055135 0.960129 0.11027 0.079742
0 0.927823 0.678001 0.113224 0.104594
0 0.66344 0.569779 0.098969 0.092574
0 0.788181 0.568468 0.102326 0.105099
0 0.423775 0.588644 0.087634 0.081143
0 0.041898 0.480708 0.083796 0.096142
6 0.676234 0.451343 0.103134 0.090391
6 0.794641 0.311052 0.092825 0.100899
1 0.66353 0.950193 0.089189 0.099614
6 0.936465 0.18049 0.096206 0.111787
6 0.548346 0.343572 0.100692 0.095678
7 0.038554 0.072823 0.077109 0.145646
7 0.68009 0.059879 0.107917 0.119758
4 0.790612 0.929602 0.118779 0.132687
3 0.277987 0.597386 0.098014 0.098407
11 0.132248 0.063458 0.126617 0.126917
8 0.161941 0.465986 0.103964 0.127083
2 0.157741 0.602503 0.113729 0.103804
6 0.156719 0.221608 0.107993 0.119791
6 0.033675 0.216936 0.06735 0.114236
9 0.415529 0.071112 0.11297 0.142223
