0 0.507689 0.426338 0.117394 0.116919
0 0.920358 0.352847 0.125646 0.125646
0 0.746615 0.356655 0.118697 0.119013
0 0.659122 0.426595 0.113682 0.113841
0 0.158388 0.72825 0.117394 0.116919
0 0.498293 0.573091 0.108667 0.108667
0 0.246593 0.643028 0.11546 0.11546
8 0.489722 0.738598 0.130661 0.13082
6 0.591771 0.174165 0.115301 0.115618
1 0.909375 0.697765 0.132122 0.132755
6 0.60818 0.033835 0.125488 0.067671
6 0.590071 0.338293 0.113524 0.113999
7 0.345387 0.066139 0.148626 0.132278
3 0.407026 0.669229 0.126439 0.124855
11 0.032296 0.379301 0.064592 0.146339
6 0.430958 0.338529 0.118697 0.119013
4 0.959531 0.608259 0.080938 0.156684
6 0.026717 0.549569 0.053435 0.118856
2 0.490864 0.91477 0.132597 0.13228
9 0.171958 0.218395 0.159798 0.162808
6 0.097908 0.474439 0.122409 0.122093
8 0.261562 0.32212 0.135359 0.136309
