1 0.304087 0.068510 0.103365 0.127404
1 0.912260 0.927885 0.122596 0.120192
0 0.192308 0.566106 0.086538 0.084135
0 0.067308 0.787260 0.096154 0.084135
0 0.313702 0.804087 0.093750 0.098558
0 0.550481 0.691106 0.086538 0.093750
0 0.669471 0.811298 0.093750 0.093750
0 0.786058 0.567308 0.091346 0.086538
0 0.917067 0.817308 0.098558 0.091346
11 0.674279 0.191106 0.093750 0.122596
8 0.796875 0.194712 0.093750 0.115385
7 0.913462 0.067308 0.115385 0.129808
5 0.552885 0.329327 0.100962 0.110577
4 0.538462 0.939904 0.110577 0.120192
9 0.811298 0.317308 0.117788 0.110577
6 0.554087 0.206731 0.084135 0.091346
6 0.911058 0.183894 0.091346 0.093750
6 0.794471 0.451923 0.084135 0.086538
