1 0.35609 0.053837 0.161833 0.107673
1 0.903947 0.981783 0.173035 0.036435
0 0.046698 0.919389 0.093396 0.098455
0 0.17795 0.666622 0.117089 0.120497
0 0.283638 0.921306 0.106674 0.092402
0 0.546431 0.795887 0.115626 0.122318
0 0.842658 0.625757 0.141611 0.142367
0 0.655157 0.911297 0.12736 0.106694
0 0.929609 0.912073 0.140782 0.102388
11 0.542485 0.631 0.143707 0.155987
8 0.816428 0.02098 0.184869 0.041959
4 0.501125 0.993027 0.134505 0.013946
9 0.920388 0.30386 0.159225 0.163785
6 0.637546 0.161386 0.161715 0.150417
6 0.880164 0.484786 0.134288 0.144222
