1 0.059388 0.941361 0.118775 0.117278
3 0.808388 0.95016 0.095445 0.09968
5 0.43395 0.93736 0.115225 0.125281
4 0.548045 0.946966 0.123331 0.106068
0 0.932163 0.83264 0.115771 0.105964
0 0.809629 0.834825 0.098401 0.100767
0 0.691728 0.838917 0.109171 0.097508
0 0.558716 0.711449 0.094452 0.107414
0 0.311681 0.815697 0.102051 0.092722
6 0.551215 0.211436 0.089173 0.093501
6 0.667155 0.207861 0.102927 0.09426
6 0.798302 0.199022 0.105112 0.097504
7 0.919423 0.066809 0.124764 0.133618
8 0.304474 0.075906 0.112055 0.124811
8 0.661922 0.063137 0.110594 0.126274
11 0.806123 0.061386 0.103998 0.122773
9 0.545458 0.067609 0.10699 0.135217
10 0.420332 0.192649 0.118064 0.131622
6 0.923797 0.181655 0.101982 0.101401
6 0.173337 0.32022 0.102067 0.101913
6 0.052864 0.202527 0.101613 0.109316
2 0.678492 0.573715 0.109179 0.115899
0 0.060643 0.813937 0.093865 0.107492
0 0.189107 0.820513 0.096316 0.0979
1 0.937836 0.946315 0.124328 0.10737
11 0.296766 0.308888 0.108679 0.121553
3 0.416007 0.445248 0.095777 0.116881
2 0.055635 0.078403 0.111271 0.123649
