1 0.984503 0.997352 0.030994 0.005295
0 0.090424 0.904758 0.125282 0.115645
0 0.257467 0.904758 0.125282 0.115645
0 0.721653 0.911182 0.12207 0.12207
0 0.885484 0.916001 0.12207 0.125282
0 0.995746 0.92082 0.008508 0.12207
0 0.570673 0.75699 0.12207 0.128495
3 0.572279 0.421297 0.112433 0.16383
11 0.906365 0.004254 0.138131 0.008509
8 0.570673 0.278347 0.128495 0.12207
8 0.718441 0.007467 0.128495 0.014933
7 0.986109 0.004254 0.027782 0.008509
5 0.251042 0.734503 0.138131 0.13492
9 0.239798 0.082957 0.147769 0.165914
6 0.093635 0.257467 0.112433 0.118857
6 0.572279 0.108092 0.112433 0.12207
6 0.718441 0.279954 0.12207 0.118857
6 0.891908 0.104879 0.115645 0.128495
6 0.99414 0.080786 0.01172 0.131707
