0 0.769354 0.85528 0.122488 0.123387
0 0.713781 0.688099 0.116221 0.11982
0 0.61902 0.628617 0.109375 0.110275
0 0.575707 0.48363 0.110275 0.109375
0 0.429965 0.520982 0.107286 0.109085
1 0.003979 0.658471 0.007958 0.143347
6 0.479612 0.42892 0.108475 0.111174
6 0.402325 0.105539 0.108764 0.114162
6 0.633389 0.382314 0.113842 0.115641
6 0.973743 0.449257 0.052513 0.11892
6 0.294276 0.045165 0.114743 0.090329
0 0.057002 0.449715 0.108796 0.104297
6 0.839287 0.487089 0.112654 0.113553
0 0.222094 0.392953 0.108185 0.108186
6 0.681187 0.534002 0.111753 0.114452
5 0.199719 0.667892 0.128724 0.136821
11 0.43177 0.248162 0.126666 0.125766
3 0.402658 0.787581 0.125156 0.130555
2 0.147854 0.771138 0.121879 0.127277
1 0.441085 0.943415 0.129335 0.113169
7 0.356715 0.002775 0.160029 0.00555
7 0.8727 0.217052 0.13856 0.146657
2 0.372427 0.619615 0.117121 0.11892
11 0.328974 0.197935 0.132354 0.123357
8 0.594513 0.214958 0.121879 0.127277
10 0.66351 0.103485 0.147495 0.157391
3 0.147425 0.499813 0.13923 0.123036
8 0.700458 0.276659 0.127245 0.131744
9 0.800265 0.322417 0.143027 0.152024
4 0.552237 0.965692 0.151094 0.068615
