1 0.008944 0.23884 0.017887 0.156057
1 0.977836 0.76835 0.044327 0.151626
0 0.187424 0.917278 0.122483 0.122483
0 0.232452 0.663475 0.119421 0.119421
0 0.424792 0.849645 0.117043 0.112612
0 0.608352 0.660763 0.115674 0.120105
0 0.676911 0.510776 0.120105 0.115674
0 0.790325 0.467341 0.118628 0.117151
0 0.966467 0.658284 0.067066 0.118737
11 0.370937 0.352838 0.130518 0.151192
8 0.510106 0.05544 0.121441 0.11088
7 0.747654 0.017734 0.151736 0.035467
4 0.687098 0.904435 0.132571 0.139954
9 0.736651 0.222551 0.155264 0.147881
6 0.516944 0.435518 0.10638 0.104903
6 0.763227 0.353312 0.107173 0.107173
6 0.784171 0.063361 0.119421 0.119421
