7 0.913462 0.078125 0.105769 0.108173
11 0.335337 0.323317 0.079327 0.09375
11 0.669471 0.330529 0.079327 0.108173
0 0.917067 0.799279 0.088942 0.088942
1 0.084135 0.93149 0.096154 0.132212
5 0.447115 0.933894 0.096154 0.132212
2 0.683894 0.927885 0.088942 0.120192
4 0.5625 0.93149 0.096154 0.137019
6 0.088942 0.211538 0.081731 0.076923
8 0.331731 0.094952 0.096154 0.088942
6 0.908654 0.209135 0.086538 0.086538
7 0.085337 0.088942 0.112981 0.100962
0 0.094952 0.694712 0.088942 0.086538
0 0.445913 0.798077 0.079327 0.091346
6 0.669471 0.203125 0.079327 0.084135
6 0.784856 0.201923 0.074519 0.081731
6 0.21274 0.209135 0.074519 0.081731
0 0.325721 0.802885 0.079327 0.096154
0 0.209135 0.802885 0.081731 0.091346
0 0.667067 0.683894 0.084135 0.09375
3 0.436298 0.444712 0.098558 0.081731
6 0.329327 0.211538 0.072115 0.081731
6 0.557692 0.442308 0.081731 0.086538
0 0.542067 0.560096 0.079327 0.081731
10 0.439904 0.091346 0.091346 0.105769
1 0.802885 0.925481 0.091346 0.134615
8 0.092548 0.439904 0.108173 0.086538
3 0.558894 0.813702 0.088942 0.137019
9 0.558894 0.084135 0.09375 0.110577
0 0.78726 0.793269 0.088942 0.096154
2 0.334135 0.9375 0.086538 0.125
