1 0.155235 0.084633 0.086643 0.115813
1 0.796931 0.880847 0.092058 0.109131
0 0.16065 0.752784 0.072202 0.089087
0 0.255415 0.544544 0.070397 0.08686
0 0.345668 0.766147 0.070397 0.080178
0 0.522563 0.657016 0.066787 0.089087
0 0.608304 0.546771 0.072202 0.082405
0 0.699459 0.54343 0.070397 0.084632
0 0.796931 0.772829 0.074007 0.084632
11 0.430506 0.315145 0.070397 0.11804
8 0.607401 0.081292 0.063177 0.11804
7 0.796029 0.082406 0.086643 0.120268
4 0.51805 0.89421 0.075813 0.104677
9 0.722022 0.312918 0.093863 0.104677
6 0.513538 0.432072 0.063177 0.075724
6 0.708484 0.435412 0.063177 0.077951
6 0.795127 0.188196 0.070397 0.08686
