1 0.302632 0.061017 0.116959 0.122033
1 0.932957 0.93558 0.134086 0.12884
0 0.036346 0.792529 0.072692 0.116849
0 0.165242 0.559538 0.117814 0.088275
0 0.290155 0.809491 0.104518 0.103575
0 0.546227 0.690261 0.099882 0.101868
0 0.799305 0.553828 0.091524 0.096712
0 0.674367 0.822641 0.115303 0.113333
0 0.933613 0.816743 0.112641 0.097487
11 0.825615 0.056107 0.101968 0.112214
8 0.804395 0.17637 0.117971 0.127131
7 0.931303 0.055396 0.137394 0.110792
5 0.300966 0.564917 0.115188 0.121273
4 0.541003 0.940833 0.126768 0.118334
9 0.677958 0.171141 0.120771 0.145084
6 0.564128 0.192031 0.091449 0.104838
6 0.816157 0.43811 0.102037 0.091567
6 0.940732 0.162156 0.109437 0.102304
