11 0.200721 0.085337 0.079327 0.112981
11 0.796875 0.086538 0.088942 0.120192
7 0.915865 0.078125 0.100962 0.108173
1 0.084135 0.931490 0.096154 0.132212
5 0.445913 0.932692 0.093750 0.134615
6 0.087740 0.211538 0.079327 0.076923
0 0.918269 0.801683 0.086538 0.088942
7 0.082933 0.087740 0.112981 0.098558
4 0.564904 0.932692 0.096154 0.134615
10 0.441106 0.092548 0.093750 0.103365
6 0.783654 0.204327 0.081731 0.081731
6 0.213942 0.207933 0.076923 0.084135
6 0.908654 0.209135 0.086538 0.086538
6 0.328125 0.211538 0.074519 0.081731
6 0.670673 0.205529 0.076923 0.084135
0 0.094952 0.805288 0.084135 0.091346
8 0.330529 0.096154 0.093750 0.086538
6 0.443510 0.210337 0.079327 0.079327
6 0.557692 0.209135 0.072115 0.081731
2 0.681490 0.927885 0.088942 0.120192
1 0.921875 0.927885 0.103365 0.134615
3 0.205529 0.932692 0.079327 0.120192
8 0.673077 0.093750 0.096154 0.091346
0 0.671875 0.798077 0.079327 0.091346
0 0.210337 0.805288 0.079327 0.086538
9 0.557692 0.086538 0.096154 0.105769
0 0.447115 0.800481 0.076923 0.091346
0 0.328125 0.806490 0.079327 0.093750
0 0.788462 0.794471 0.086538 0.093750
3 0.794471 0.939904 0.084135 0.110577
2 0.330529 0.929087 0.079327 0.122596
0 0.551683 0.801683 0.084135 0.098558
