1 0.060096 0.070913 0.115385 0.122596
1 0.913462 0.070913 0.115385 0.112981
0 0.067308 0.21274 0.096154 0.084135
0 0.192308 0.198317 0.096154 0.084135
0 0.31851 0.195913 0.088942 0.088942
0 0.550481 0.308894 0.086538 0.088942
0 0.66226 0.19351 0.09375 0.084135
0 0.788462 0.185096 0.086538 0.091346
0 0.913462 0.195913 0.096154 0.103365
3 0.317308 0.822115 0.086538 0.134615
3 0.78726 0.05649 0.09375 0.11298
11 0.802885 0.935096 0.091346 0.125
11 0.444712 0.438702 0.081731 0.108173
2 0.067308 0.915865 0.110577 0.110577
8 0.313702 0.918269 0.09375 0.120192
8 0.66226 0.930288 0.103365 0.115385
7 0.913462 0.933894 0.115385 0.127404
5 0.427885 0.070913 0.096154 0.132212
4 0.544471 0.057692 0.103365 0.115385
9 0.433894 0.930288 0.103365 0.134615
6 0.075721 0.793269 0.088942 0.091346
6 0.198317 0.683894 0.084135 0.088942
6 0.55649 0.793269 0.084135 0.100962
6 0.668269 0.792067 0.086538 0.098558
6 0.794471 0.796875 0.088942 0.09375
6 0.913462 0.813702 0.091346 0.098558
