7 0.847633 0.2125 0.139054 0.078846
11 0.134615 0.409615 0.103551 0.08077
0 0.847633 0.7875 0.109467 0.071154
4 0.551776 0.889423 0.127219 0.113462
6 0.837278 0.313462 0.106508 0.06923
8 0.12574 0.222115 0.121302 0.071154
6 0.013313 0.313462 0.026627 0.065385
6 0.686391 0.307692 0.094674 0.065385
6 0.544379 0.310577 0.094674 0.067308
0 0.545858 0.694231 0.103551 0.073077
0 0.011835 0.605769 0.023669 0.065385
3 0.711538 0.683654 0.150887 0.078846
1 0.014793 0.794231 0.029586 0.1
6 0.122781 0.315384 0.091716 0.065385
10 0.121302 0.7 0.118343 0.107692
0 0.12426 0.792307 0.100592 0.076923
2 0.128699 0.893269 0.109467 0.098077
2 0.013314 0.497115 0.026627 0.071154
9 0.406804 0.214423 0.121302 0.082692
8 0.704142 0.881731 0.118343 0.098077
0 0.68787 0.785577 0.109467 0.078846
