1 0.037118 0.936198 0.074235 0.111979
0 0.037118 0.807292 0.074236 0.088542
0 0.138646 0.80599 0.072052 0.085938
1 0.784935 0.941406 0.098253 0.111979
0 0.344978 0.673177 0.074236 0.091146
0 0.772926 0.792969 0.078602 0.085938
3 0.660481 0.941407 0.072052 0.117187
0 0.650655 0.786458 0.069869 0.088542
0 0.555677 0.800781 0.072053 0.085938
6 0.774018 0.165365 0.07642 0.096354
0 0.240174 0.800781 0.074236 0.091146
0 0.451965 0.429687 0.074236 0.083333
8 0.253275 0.041667 0.078602 0.083333
6 0.342795 0.421875 0.069869 0.083333
6 0.145197 0.165365 0.067685 0.096354
6 0.659389 0.164063 0.069869 0.093749
6 0.451965 0.304688 0.074236 0.093749
6 0.56441 0.171875 0.067685 0.088542
7 0.038209 0.039063 0.076419 0.078126
7 0.778384 0.040364 0.093886 0.080729
2 0.553493 0.929688 0.07642 0.109375
2 0.24345 0.928386 0.07642 0.106771
3 0.353712 0.807292 0.074236 0.109376
11 0.138646 0.044271 0.07642 0.088541
11 0.342795 0.165365 0.091703 0.085938
6 0.033843 0.158854 0.067686 0.093749
10 0.351528 0.044271 0.082969 0.088541
4 0.447599 0.941407 0.074236 0.117187
5 0.35262 0.929688 0.093886 0.114583
8 0.553493 0.042968 0.080786 0.085937
9 0.449781 0.046875 0.087336 0.09375
6 0.245633 0.164063 0.07642 0.098958
