1 0.912858 0.95094 0.145714 0.098121
0 0.060001 0.839249 0.114286 0.079332
0 0.202857 0.84238 0.114286 0.08142
0 0.482857 0.741127 0.102857 0.079332
0 0.621428 0.846555 0.111429 0.08142
0 0.765715 0.851775 0.108571 0.079332
0 0.912858 0.851775 0.122857 0.079332
3 0.487143 0.52714 0.105714 0.102296
3 0.621428 0.741127 0.111429 0.096033
11 0.782858 0.202505 0.108571 0.112735
8 0.632857 0.196242 0.111429 0.100209
8 0.207143 0.200418 0.117143 0.10856
7 0.912858 0.201462 0.145714 0.110647
5 0.207143 0.418581 0.122857 0.093946
4 0.467143 0.954071 0.128571 0.091858
9 0.061429 0.204593 0.122858 0.11691
6 0.061428 0.418581 0.105714 0.073069
6 0.488571 0.320459 0.102857 0.08142
6 0.617143 0.432151 0.097143 0.079332
6 0.77 0.322547 0.1 0.08142
6 0.912858 0.302714 0.111429 0.083507
