1 0.242107 0.011229 0.253287 0.022457
1 0.965665 0.962086 0.068669 0.075827
0 0.079802 0.989754 0.159604 0.020492
0 0.195256 0.724512 0.193231 0.156261
0 0.416454 0.964277 0.134856 0.071446
0 0.66215 0.830423 0.086265 0.122067
0 0.788972 0.932884 0.084769 0.109817
0 0.888044 0.900759 0.086549 0.118605
0 0.968384 0.883191 0.063232 0.101094
3 0.52315 0.708806 0.151211 0.17764
11 0.943293 0.068878 0.113414 0.137756
8 0.918227 0.213247 0.117711 0.186878
7 0.992319 0.087356 0.015361 0.174712
9 0.511451 0.532884 0.15116 0.163001
6 0.007668 0.315302 0.015336 0.217317
6 0.176925 0.555319 0.213461 0.159202
6 0.65558 0.203991 0.136843 0.21301
6 0.910513 0.54838 0.089846 0.102916
6 0.994125 0.215591 0.011749 0.147172
