7 0.948256 0.056637 0.103488 0.113274
11 0.342227 0.325939 0.093276 0.100847
0 0.952905 0.836255 0.09419 0.10207
1 0.053489 0.963833 0.106979 0.072335
5 0.439244 0.962014 0.117577 0.075972
6 0.068501 0.20559 0.086291 0.095398
0 0.190768 0.596486 0.105427 0.111018
2 0.706096 0.95757 0.104867 0.08486
7 0.068502 0.077041 0.137004 0.109999
10 0.437432 0.452987 0.088275 0.101566
6 0.946784 0.194284 0.106433 0.09814
0 0.064168 0.738797 0.088166 0.109002
8 0.330275 0.082377 0.112841 0.103124
4 0.575947 0.953028 0.109383 0.093944
6 0.818073 0.190354 0.095661 0.096456
6 0.208408 0.202327 0.086495 0.097093
0 0.686555 0.71342 0.09977 0.109195
6 0.692454 0.195154 0.083852 0.10803
0 0.440794 0.5652 0.095519 0.091349
6 0.56888 0.450258 0.097538 0.097384
0 0.316822 0.859367 0.096078 0.114339
1 0.837176 0.960742 0.118677 0.078516
6 0.328127 0.201872 0.096764 0.096958
8 0.197099 0.320838 0.122395 0.094051
3 0.574082 0.855407 0.108854 0.149969
0 0.815649 0.832181 0.101665 0.122567
2 0.318111 0.954762 0.092553 0.090475
9 0.575517 0.070107 0.120649 0.11654
