11 0.195119 0.026429 0.108298 0.052857
7 0.954186 0.054405 0.091628 0.10881
11 0.693104 0.296937 0.107622 0.12069
5 0.439333 0.94644 0.109798 0.107119
1 0.047289 0.928761 0.094579 0.142477
0 0.955225 0.83764 0.08955 0.113524
7 0.06124 0.021233 0.122479 0.042466
6 0.056385 0.108857 0.102545 0.098641
0 0.052744 0.795186 0.105174 0.11038
8 0.326445 0.030404 0.124089 0.060808
0 0.448191 0.81993 0.101512 0.114934
10 0.452509 0.032943 0.106177 0.065886
0 0.56019 0.54443 0.096786 0.114471
0 0.189594 0.80009 0.10032 0.099621
6 0.82304 0.17038 0.096182 0.09865
6 0.322329 0.137773 0.092174 0.115507
6 0.704967 0.157425 0.099795 0.102832
8 0.715114 0.047715 0.116078 0.09543
6 0.955499 0.187333 0.089002 0.114816
2 0.69761 0.94629 0.104059 0.107421
6 0.194274 0.120032 0.098385 0.096999
6 0.455227 0.142664 0.09621 0.10913
0 0.70052 0.818652 0.100597 0.12259
6 0.578695 0.161065 0.101291 0.095569
3 0.303626 0.677474 0.107909 0.141926
0 0.311539 0.808521 0.101769 0.107664
1 0.946296 0.940175 0.107408 0.119649
9 0.588984 0.043665 0.127618 0.087329
0 0.820154 0.82513 0.112667 0.126627
4 0.559166 0.943405 0.110321 0.11319
3 0.828696 0.955432 0.103819 0.089136
2 0.314513 0.939027 0.111838 0.121946
