1 0.173798 0.153247 0.139137 0.154067
1 0.974943 0.771948 0.050113 0.152779
0 0.185576 0.912955 0.119895 0.121388
0 0.229707 0.663974 0.10924 0.113718
0 0.425607 0.849598 0.106898 0.106898
0 0.605547 0.65565 0.114567 0.117553
0 0.755731 0.745142 0.118334 0.116841
0 0.875093 0.704157 0.120607 0.117621
0 0.968425 0.665837 0.063151 0.111512
3 0.192914 0.545715 0.129194 0.14263
11 0.647087 0.034308 0.130824 0.068616
8 0.672157 0.116834 0.131331 0.131331
7 0.74787 0.017948 0.155052 0.035897
5 0.010313 0.235894 0.020626 0.16479
4 0.682647 0.902399 0.136795 0.147246
9 0.374382 0.352513 0.133673 0.138152
6 0.053468 0.469083 0.106937 0.111512
6 0.76098 0.357015 0.109951 0.109951
6 0.786444 0.061078 0.122169 0.122155
6 0.454388 0.204315 0.11684 0.118333
