7 0.834351 0.036411 0.129007 0.072822
0 0.956563 0.720888 0.086874 0.103621
11 0.311051 0.363793 0.102567 0.110276
6 0.045274 0.291021 0.090548 0.090492
7 0.043502 0.169284 0.087004 0.122608
6 0.849007 0.13973 0.10082 0.10082
6 0.164675 0.266166 0.088128 0.09391
6 0.727141 0.154912 0.090492 0.094346
6 0.613895 0.177057 0.090929 0.09671
8 0.401535 0.238294 0.108349 0.104495
0 0.225369 0.627743 0.094783 0.092856
10 0.450859 0.571415 0.107115 0.122532
3 0.833053 0.615694 0.144063 0.124792
6 0.280195 0.249711 0.090492 0.094346
1 0.266242 0.8622 0.116827 0.138025
0 0.699624 0.647679 0.098894 0.102748
2 0.200475 0.493004 0.110713 0.104931
9 0.486559 0.083246 0.118061 0.119988
0 0.837817 0.740707 0.102567 0.110276
0 0.387852 0.832398 0.098277 0.111767
2 0.589924 0.66917 0.109042 0.120605
4 0.736864 0.776471 0.12934 0.156319
