11 0.335337 0.325721 0.079327 0.093750
7 0.913462 0.078125 0.105769 0.108173
0 0.917067 0.799279 0.088942 0.088942
1 0.084135 0.931490 0.096154 0.132212
6 0.088942 0.210337 0.081731 0.074519
4 0.562500 0.930288 0.096154 0.139423
0 0.206731 0.574519 0.086538 0.086538
7 0.086538 0.088942 0.115385 0.100962
8 0.331731 0.090144 0.091346 0.088942
2 0.682692 0.931490 0.091346 0.127404
0 0.094952 0.694712 0.088942 0.086538
6 0.908654 0.209135 0.086538 0.086538
5 0.436298 0.566106 0.088942 0.108173
6 0.786058 0.203125 0.081731 0.079327
6 0.670673 0.203125 0.076923 0.084135
6 0.213942 0.207933 0.076923 0.084135
1 0.799279 0.927885 0.098558 0.110577
0 0.668269 0.682692 0.081731 0.091346
2 0.334135 0.931490 0.086538 0.127404
6 0.328125 0.211538 0.074519 0.081731
0 0.329327 0.804087 0.081731 0.093750
10 0.322115 0.580529 0.096154 0.108173
9 0.560096 0.084135 0.100962 0.100962
8 0.200721 0.317308 0.093750 0.081731
3 0.557692 0.811298 0.081731 0.127404
0 0.788462 0.793269 0.091346 0.096154
