8 0.310096 0.079327 0.100962 0.115385
10 0.438702 0.069712 0.103365 0.134615
7 0.924279 0.066106 0.122596 0.127404
6 0.435096 0.209135 0.086538 0.086538
6 0.561298 0.206731 0.084135 0.096154
6 0.673077 0.210337 0.081731 0.084135
6 0.795673 0.204327 0.100962 0.091346
1 0.061298 0.929087 0.117788 0.122596
3 0.179087 0.932692 0.098558 0.129808
2 0.314904 0.926683 0.091346 0.112981
2 0.675481 0.932692 0.096154 0.105769
3 0.790865 0.943510 0.096154 0.112981
0 0.549279 0.804087 0.084135 0.093750
0 0.671875 0.811298 0.088942 0.088942
0 0.790865 0.813702 0.091346 0.088942
0 0.918269 0.813702 0.091346 0.084135
