7 0.082933 0.078125 0.112981 0.108173
11 0.664663 0.325721 0.079327 0.09375
0 0.082933 0.799279 0.088942 0.088942
0 0.794471 0.573317 0.088942 0.088942
6 0.91226 0.211538 0.079327 0.076923
7 0.913462 0.088942 0.115385 0.100962
4 0.435096 0.93149 0.096154 0.137019
8 0.667067 0.097356 0.098558 0.088942
6 0.091346 0.209135 0.086538 0.086538
1 0.790865 0.936298 0.091346 0.127404
0 0.903846 0.694712 0.086538 0.086538
2 0.31851 0.927885 0.088942 0.120192
6 0.213942 0.201923 0.076923 0.081731
6 0.330529 0.204327 0.079327 0.081731
6 0.78726 0.209135 0.074519 0.081731
0 0.332933 0.685096 0.084135 0.091346
6 0.671875 0.213942 0.074519 0.081731
1 0.194712 0.932692 0.105769 0.120192
10 0.68149 0.575721 0.088942 0.098558
8 0.56851 0.561298 0.088942 0.098558
0 0.670673 0.807692 0.081731 0.096154
3 0.441106 0.817308 0.084135 0.134615
0 0.211538 0.793269 0.091346 0.096154
9 0.441106 0.082933 0.098558 0.098558
2 0.665865 0.933894 0.096154 0.132212
