11 0.799279 0.085337 0.079327 0.112981
11 0.203125 0.086538 0.088942 0.120192
7 0.084135 0.078125 0.100962 0.108173
1 0.915865 0.93149 0.096154 0.132212
5 0.554087 0.932692 0.09375 0.134615
6 0.91226 0.211538 0.079327 0.076923
0 0.081731 0.801683 0.086538 0.088942
7 0.917067 0.08774 0.112981 0.098558
4 0.435096 0.932692 0.096154 0.134615
10 0.558894 0.092548 0.09375 0.103365
6 0.216346 0.204327 0.081731 0.081731
6 0.786058 0.207933 0.076923 0.084135
6 0.091346 0.209135 0.086538 0.086538
6 0.671875 0.211538 0.074519 0.081731
6 0.329327 0.205529 0.076923 0.084135
0 0.905048 0.805288 0.084135 0.091346
8 0.669471 0.096154 0.09375 0.086538
6 0.55649 0.210337 0.079327 0.079327
6 0.442308 0.209135 0.072115 0.081731
2 0.31851 0.927885 0.088942 0.120192
1 0.078125 0.927885 0.103365 0.134615
3 0.794471 0.932692 0.079327 0.120192
8 0.326923 0.09375 0.096154 0.091346
0 0.328125 0.798077 0.079327 0.091346
0 0.789663 0.805288 0.079327 0.086538
9 0.442308 0.086538 0.096154 0.105769
0 0.552885 0.800481 0.076923 0.091346
0 0.671875 0.80649 0.079327 0.09375
0 0.211538 0.794471 0.086538 0.09375
3 0.205529 0.939904 0.084135 0.110577
2 0.669471 0.929087 0.079327 0.122596
0 0.448317 0.801683 0.084135 0.098558
