7 0.942543 0.053171 0.113208 0.106343
11 0.325041 0.313463 0.082333 0.100344
0 0.946402 0.820329 0.095198 0.095198
5 0.442109 0.946828 0.100344 0.106343
11 0.683964 0.319896 0.084907 0.113208
1 0.055745 0.949401 0.111489 0.101197
6 0.06003 0.189963 0.08748 0.084906
4 0.570756 0.942969 0.10549 0.114062
2 0.696828 0.946828 0.100344 0.106343
0 0.069036 0.708407 0.095198 0.092625
0 0.442109 0.819042 0.084906 0.097771
6 0.937397 0.188677 0.092625 0.092625
7 0.058318 0.06003 0.116635 0.108063
8 0.318609 0.061317 0.100344 0.095198
6 0.806178 0.183531 0.082333 0.08748
0 0.545026 0.564323 0.084907 0.08748
6 0.682677 0.182244 0.082333 0.090053
0 0.188677 0.822902 0.08748 0.095198
6 0.316036 0.193822 0.07976 0.08748
10 0.435677 0.057457 0.097771 0.102917
6 0.192535 0.188677 0.07976 0.08748
0 0.680104 0.698115 0.08748 0.097771
6 0.560463 0.436964 0.084907 0.090053
6 0.436964 0.184817 0.07976 0.095198
1 0.824189 0.949401 0.113208 0.101197
3 0.307031 0.699401 0.092625 0.115781
0 0.317323 0.826761 0.08748 0.097771
8 0.065176 0.435677 0.118354 0.092625
3 0.56175 0.837053 0.092625 0.144083
0 0.808751 0.813896 0.097771 0.102917
9 0.566896 0.058744 0.102917 0.115781
2 0.321182 0.945542 0.10549 0.108916
