1 0.939904 0.070913 0.115385 0.112981
1 0.086538 0.070913 0.125 0.117788
0 0.930288 0.21274 0.086538 0.103365
0 0.808894 0.195913 0.09375 0.09375
0 0.683894 0.195913 0.09375 0.088942
0 0.449519 0.311298 0.086538 0.09375
0 0.332933 0.188702 0.09375 0.084135
0 0.213942 0.188702 0.091346 0.09375
0 0.082933 0.180288 0.103365 0.096154
3 0.438702 0.558894 0.084135 0.122596
3 0.21274 0.055288 0.088942 0.110576
11 0.197115 0.933894 0.091346 0.127404
2 0.93149 0.914663 0.112981 0.122596
8 0.33774 0.930288 0.098558 0.134615
8 0.445913 0.664663 0.09375 0.09375
7 0.086538 0.935096 0.115385 0.125
5 0.572115 0.070913 0.100962 0.117788
4 0.455529 0.060096 0.103365 0.120192
9 0.697115 0.8125 0.100962 0.125
6 0.93149 0.675481 0.09375 0.086538
6 0.804087 0.685096 0.084135 0.091346
6 0.44351 0.789663 0.088942 0.09375
6 0.330529 0.790865 0.084135 0.091346
6 0.210337 0.794471 0.09375 0.09375
6 0.08774 0.817308 0.09375 0.096154
