11 0.266666 0.164013 0.079012 0.124204
1 0.028395 0.93949 0.056791 0.12102
0 0.862963 0.794586 0.091358 0.124204
5 0.381481 0.941083 0.101235 0.117835
6 0.025926 0.031847 0.051851 0.063694
11 0.608642 0.17516 0.081482 0.140127
2 0.624691 0.941083 0.093827 0.117835
0 0.032099 0.654458 0.064197 0.111465
0 0.379012 0.789809 0.081482 0.121019
4 0.498765 0.934714 0.093827 0.130573
6 0.854321 0.03344 0.088888 0.066879
8 0.139506 0.477707 0.106172 0.127389
0 0.477777 0.474522 0.081482 0.108281
6 0.727161 0.028663 0.076543 0.057325
6 0.609876 0.028663 0.079012 0.057325
0 0.135803 0.794586 0.083951 0.117834
6 0.14074 0.030255 0.079012 0.06051
6 0.258025 0.035032 0.076543 0.070063
6 0.374074 0.03344 0.076543 0.066879
6 0.492592 0.318472 0.081482 0.114649
3 0.248149 0.643312 0.08642 0.146497
1 0.865432 0.933121 0.106172 0.133758
0 0.258025 0.802547 0.081482 0.121019
0 0.728395 0.783439 0.088888 0.127389
0 0.608642 0.636942 0.08642 0.121019
3 0.493827 0.812102 0.088888 0.178343
2 0.260494 0.942675 0.096296 0.11465
