1 0.079457 0.86875 0.093024 0.1225
1 0.770349 0.8725 0.098837 0.125
0 0.08721 0.72375 0.07752 0.1075
0 0.187985 0.73875 0.077519 0.0925
0 0.285853 0.74125 0.075581 0.0875
0 0.475775 0.62375 0.071705 0.0875
0 0.570736 0.7475 0.071705 0.089999
0 0.664729 0.75 0.073643 0.095
0 0.771318 0.75 0.081396 0.095
3 0.476745 0.3575 0.069767 0.12
11 0.678295 0.02 0.073643 0.04
2 0.083333 0.02625 0.089147 0.0525
8 0.28876 0.01875 0.07752 0.0375
8 0.575582 0.01375 0.073643 0.0275
7 0.767442 0.01875 0.096899 0.0375
5 0.287791 0.235 0.079458 0.115
4 0.468992 0.875 0.081396 0.14
9 0.186047 0.02375 0.089147 0.0475
6 0.086241 0.24375 0.071705 0.0875
6 0.189922 0.23375 0.073643 0.0875
6 0.478682 0.1175 0.069767 0.1
6 0.666667 0.11625 0.069767 0.0975
6 0.767442 0.095 0.073643 0.1
