7 0.866333 0.125123 0.09185 0.096122
11 0.354748 0.345136 0.068354 0.083306
11 0.651659 0.349409 0.072626 0.096122
0 0.870604 0.765938 0.079034 0.083306
1 0.129396 0.884489 0.083306 0.119618
5 0.451938 0.884489 0.083306 0.115347
4 0.555537 0.880217 0.08117 0.119618
7 0.131532 0.134735 0.100395 0.089715
0 0.141144 0.769143 0.076897 0.085442
6 0.133667 0.243674 0.07049 0.068354
2 0.661271 0.880217 0.079034 0.106802
8 0.348341 0.135803 0.076897 0.079034
6 0.863129 0.241538 0.076897 0.076897
0 0.451938 0.767006 0.07049 0.08117
6 0.75419 0.236198 0.068354 0.074762
0 0.537381 0.553401 0.07049 0.072626
6 0.347272 0.24581 0.066217 0.072626
0 0.242606 0.768075 0.07049 0.079034
6 0.244742 0.24047 0.066217 0.074762
3 0.339797 0.666612 0.076897 0.098258
10 0.446599 0.131532 0.08117 0.083306
6 0.651659 0.238334 0.072626 0.074762
6 0.551265 0.448735 0.072626 0.076897
8 0.652728 0.131532 0.087578 0.083306
1 0.873809 0.877013 0.093986 0.121755
6 0.447667 0.241538 0.066217 0.076897
0 0.755258 0.760598 0.079034 0.085442
0 0.655932 0.76487 0.072626 0.08117
0 0.348341 0.773414 0.072626 0.08117
9 0.552333 0.135803 0.087578 0.087578
3 0.551265 0.779823 0.076897 0.119618
2 0.353681 0.888761 0.083306 0.111075
