7 0.693265 0.005473 0.148108 0.010946
0 0.973908 0.587002 0.052184 0.119036
7 0.011946 0.312169 0.023892 0.14148
6 0.02876 0.422217 0.057519 0.105069
6 0.738643 0.058808 0.115819 0.115819
10 0.48834 0.84716 0.140263 0.158937
6 0.625416 0.106363 0.105069 0.107266
6 0.115034 0.364972 0.105069 0.107266
6 0.52343 0.160451 0.106129 0.109424
6 0.225554 0.320084 0.114721 0.116918
0 0.735288 0.594702 0.114721 0.116918
2 0.208653 0.574751 0.123352 0.121155
4 0.803853 0.701631 0.15423 0.170707
2 0.270686 0.69292 0.122254 0.122254
8 0.333935 0.273569 0.117977 0.116878
0 0.889773 0.639363 0.121116 0.126609
9 0.372809 0.101841 0.135084 0.138379
3 0.695491 0.745458 0.142616 0.143715
