7 0.915865 0.918269 0.110577 0.100962
11 0.338942 0.673077 0.086538 0.100962
0 0.917067 0.198317 0.088942 0.088942
6 0.088942 0.788462 0.081731 0.076923
7 0.088942 0.911058 0.115385 0.100962
6 0.908654 0.790865 0.086538 0.086538
8 0.448317 0.776442 0.09375 0.091346
6 0.213942 0.790865 0.076923 0.081731
6 0.786058 0.796875 0.076923 0.079327
6 0.669471 0.796875 0.079327 0.084135
3 0.807692 0.328125 0.120192 0.098558
0 0.205529 0.423077 0.088942 0.086538
6 0.329327 0.786058 0.076923 0.081731
2 0.203125 0.563702 0.088942 0.088942
1 0.201923 0.1875 0.100962 0.120192
0 0.329327 0.192308 0.081731 0.096154
0 0.670673 0.316106 0.081731 0.088942
2 0.330529 0.070913 0.079327 0.132212
10 0.445913 0.069712 0.09375 0.139423
9 0.558894 0.91226 0.098558 0.103365
4 0.680288 0.188702 0.096154 0.132212
0 0.789663 0.203125 0.088942 0.098558
