0 0.503683 0.424407 0.117347 0.117195
0 0.916334 0.340495 0.124095 0.124044
0 0.251241 0.650967 0.115572 0.115572
0 0.656722 0.421602 0.113847 0.113898
0 0.74196 0.348931 0.11892 0.119022
0 0.165774 0.738934 0.117348 0.117195
0 0.502277 0.574833 0.115572 0.115572
6 0.584915 0.335526 0.113796 0.113949
6 0.425837 0.344191 0.115572 0.115572
6 0.414248 0.663611 0.108773 0.108773
1 0.917984 0.683914 0.13414 0.134395
6 0.582262 0.172289 0.117195 0.117348
3 0.492804 0.753187 0.129322 0.129016
6 0.591634 0.03139 0.124044 0.062781
7 0.329741 0.069433 0.149308 0.138865
4 0.960999 0.593359 0.078001 0.158239
11 0.030605 0.395428 0.061209 0.146266
8 0.3398 0.243453 0.130791 0.130944
6 0.026794 0.567213 0.053587 0.118971
8 0.254384 0.328021 0.132466 0.13267
9 0.162358 0.229743 0.162701 0.163619
3 0.661951 0.753173 0.127699 0.12724
2 0.503929 0.918251 0.135967 0.135967
6 0.098189 0.484626 0.120645 0.120696
