7 0.942867 0.009368 0.114267 0.018735
0 0.940902 0.933985 0.118196 0.13203
11 0.198657 0.204029 0.153731 0.21181
4 0.661678 0.983241 0.13268 0.033517
6 0.943237 0.112552 0.112814 0.152402
6 0.034145 0.02992 0.06829 0.05984
6 0.79899 0.097332 0.109151 0.147169
6 0.633162 0.076248 0.119121 0.152495
0 0.07638 0.545172 0.123887 0.141983
3 0.816879 0.753768 0.154225 0.142772
6 0.166029 0.048064 0.124323 0.096129
1 0.103935 0.843078 0.155208 0.168891
8 0.332474 0.077938 0.162171 0.155875
0 0.254327 0.860279 0.118491 0.122077
0 0.65555 0.761634 0.10167 0.139806
10 0.355935 0.559295 0.153731 0.174932
2 0.056693 0.346552 0.113386 0.153818
2 0.27333 0.955439 0.127786 0.089121
0 0.794597 0.912985 0.113345 0.135388
