0 0.579954 0.423681 0.130832 0.116296
0 0.748945 0.579954 0.11993 0.123564
0 0.917937 0.589038 0.123564 0.127199
0 0.420046 0.576319 0.116295 0.123564
0 0.067525 0.398241 0.123564 0.123565
6 0.7653 0.410962 0.116296 0.127199
6 0.934292 0.225616 0.11993 0.127199
6 0.583587 0.249238 0.123564 0.123564
3 0.583587 0.935346 0.130832 0.129307
8 0.596307 0.064654 0.11993 0.129307
2 0.231066 0.581771 0.123564 0.134466
6 0.078429 0.06102 0.116296 0.122039
2 0.064654 0.93898 0.129308 0.122039
6 0.414596 0.421863 0.11993 0.11993
3 0.06102 0.7653 0.122039 0.123564
