6 0.921042 0.217721 0.088914 0.093593
0 0.556662 0.448589 0.083728 0.079049
0 0.898671 0.793052 0.088597 0.081578
1 0.074561 0.903599 0.110858 0.106178
0 0.445804 0.549071 0.079049 0.083728
0 0.765399 0.785934 0.081578 0.088597
0 0.085697 0.663425 0.086195 0.081515
0 0.201418 0.789112 0.083918 0.086258
0 0.663213 0.557203 0.081452 0.083792
6 0.793777 0.210761 0.079112 0.086132
6 0.444827 0.44925 0.081515 0.086195
8 0.347926 0.065557 0.089547 0.117624
6 0.559637 0.335649 0.083855 0.083855
6 0.676971 0.445748 0.079112 0.086132
6 0.099432 0.18766 0.088724 0.086385
1 0.659504 0.926223 0.08923 0.105608
7 0.099214 0.061485 0.116234 0.122971
5 0.312051 0.78842 0.089167 0.103206
2 0.316158 0.906358 0.089167 0.103206
11 0.321044 0.310125 0.096123 0.093783
11 0.211581 0.312051 0.098526 0.093846
3 0.438019 0.798952 0.086511 0.09353
3 0.545049 0.798165 0.084172 0.09587
10 0.456031 0.069606 0.099349 0.125086
9 0.80453 0.076383 0.104409 0.134825
2 0.4415 0.666786 0.086385 0.088724
8 0.571435 0.207309 0.081895 0.100613
6 0.226602 0.198225 0.074432 0.09081
7 0.691589 0.073407 0.094543 0.124959
4 0.785757 0.925942 0.106494 0.122872
