0 0.961407 0.740303 0.077187 0.127232
0 0.816912 0.579718 0.111918 0.11753
0 0.674571 0.563995 0.106662 0.107398
0 0.546056 0.438122 0.09153 0.095999
1 0.079287 0.927641 0.112575 0.141003
0 0.43501 0.555863 0.090119 0.109719
0 0.079957 0.660835 0.093686 0.094733
6 0.194256 0.166943 0.078645 0.10316
6 0.955771 0.143593 0.088458 0.127282
6 0.423416 0.435095 0.085337 0.111163
6 0.814543 0.29 0.116238 0.09133
6 0.082926 0.164813 0.076829 0.093448
6 0.545624 0.300659 0.099276 0.105306
6 0.682022 0.430882 0.091461 0.102071
5 0.303272 0.822896 0.101973 0.131847
11 0.286295 0.284556 0.093217 0.100307
1 0.701472 0.978654 0.125938 0.042692
2 0.316019 0.946822 0.094628 0.106356
7 0.079094 0.050678 0.113228 0.101356
0 0.184675 0.53569 0.080853 0.096198
3 0.560024 0.844862 0.117253 0.144493
3 0.438389 0.837601 0.099281 0.143406
11 0.184738 0.293223 0.104645 0.092782
9 0.812281 0.036513 0.130246 0.073027
2 0.436944 0.68892 0.107668 0.109845
8 0.544576 0.159109 0.096995 0.113888
8 0.418735 0.162836 0.099003 0.117096
10 0.418708 0.046596 0.102473 0.093191
7 0.677944 0.038502 0.127461 0.077005
4 0.853972 0.977651 0.149597 0.044698
