7 0.969713 0.045131 0.060574 0.090262
11 0.13771 0.351321 0.132501 0.134145
0 0.934595 0.876552 0.130811 0.125676
4 0.578716 0.972804 0.188915 0.054393
6 0.967627 0.185976 0.064747 0.110615
8 0.149227 0.084858 0.163362 0.107162
6 0.014275 0.221798 0.02855 0.108826
6 0.81096 0.180291 0.141541 0.109399
6 0.635103 0.194596 0.131576 0.110983
0 0.599751 0.755489 0.149034 0.117236
3 0.802109 0.733357 0.199335 0.117132
6 0.140993 0.214271 0.125592 0.113568
10 0.090713 0.768152 0.15548 0.171269
0 0.086268 0.892339 0.131374 0.111567
2 0.078567 0.981709 0.152885 0.036583
2 0.002552 0.47967 0.005103 0.109517
9 0.484041 0.060985 0.1544 0.121971
8 0.759199 0.971058 0.167157 0.057885
0 0.755656 0.87709 0.161373 0.131655
