7 0.980503 0.245614 0.038995 0.123264
0 0.795516 0.921459 0.113133 0.113133
11 0.402849 0.284521 0.113305 0.125192
4 0.527039 0.94195 0.144753 0.116099
7 0.245921 0.021855 0.142052 0.04371
6 0.20584 0.093 0.102389 0.099417
8 0.541143 0.222988 0.117677 0.114705
6 0.963127 0.358723 0.073746 0.110075
6 0.324757 0.131596 0.099417 0.102389
6 0.867005 0.314098 0.10396 0.10396
6 0.756824 0.275982 0.101689 0.103174
0 0.198441 0.478344 0.107018 0.107018
6 0.432229 0.173863 0.099417 0.102389
3 0.733498 0.758832 0.151139 0.136281
0 0.601129 0.733388 0.110948 0.118377
1 0.116879 0.699403 0.133223 0.148081
0 0.23811 0.734984 0.108676 0.117591
10 0.311223 0.891274 0.131123 0.159354
2 0.240966 0.348069 0.117677 0.114705
9 0.690441 0.12965 0.126936 0.129907
2 0.202573 0.852415 0.12265 0.146423
0 0.6752 0.872205 0.119248 0.119248
