1 0.449095 0.063237 0.089774 0.126474
1 0.893369 0.943052 0.12066 0.113896
0 0.055802 0.76719 0.102309 0.088562
0 0.177609 0.787214 0.088562 0.102309
0 0.302422 0.794142 0.088232 0.095105
0 0.542873 0.693273 0.097506 0.088342
0 0.655141 0.816334 0.097947 0.097947
0 0.772476 0.828935 0.097947 0.097947
0 0.898986 0.825111 0.099908 0.088452
3 0.556784 0.442445 0.094355 0.124141
11 0.822446 0.080438 0.10189 0.131676
8 0.338469 0.062015 0.099268 0.124029
8 0.696487 0.072255 0.099268 0.126762
7 0.931706 0.085449 0.123501 0.132667
5 0.325595 0.315132 0.100789 0.107662
4 0.528963 0.941996 0.113346 0.116009
9 0.199138 0.062643 0.11903 0.125286
6 0.078369 0.301387 0.095325 0.093034
6 0.203513 0.432258 0.088122 0.092703
6 0.567521 0.208316 0.088562 0.102309
6 0.927565 0.201968 0.105261 0.100679
6 0.797841 0.459516 0.090522 0.092813
