0 0.579018 0.411187 0.158981 0.102858
0 0.757447 0.551864 0.145985 0.117821
0 0.937947 0.571783 0.124107 0.127271
0 0.006329 0.379144 0.012658 0.088404
0 0.398078 0.529624 0.151976 0.102945
6 0.961725 0.259848 0.07655 0.10469
6 0.781973 0.402377 0.148741 0.113599
11 0.45554 0.124748 0.147966 0.12783
7 0.054667 0.038911 0.109334 0.077823
6 0.159727 0.142831 0.12535 0.090404
4 0.736576 0.97827 0.191652 0.04346
6 0.596589 0.277421 0.156018 0.113352
6 0.032945 0.1352 0.06589 0.0932
9 0.637255 0.030541 0.160486 0.061083
2 0.243015 0.384698 0.15161 0.099286
