0 0.096411 0.797632 0.092861 0.080956
1 0.091649 0.913113 0.107147 0.102385
1 0.923828 0.919066 0.109529 0.104766
0 0.216654 0.79406 0.080956 0.078575
0 0.557145 0.449998 0.080956 0.076194
0 0.449998 0.550002 0.076194 0.080956
0 0.907161 0.783346 0.085717 0.080956
6 0.908351 0.208321 0.083337 0.088099
0 0.77263 0.778583 0.078575 0.080956
0 0.673817 0.789298 0.080956 0.078575
6 0.446426 0.452379 0.078575 0.080956
8 0.339278 0.073792 0.088099 0.114291
6 0.783346 0.20713 0.076194 0.085717
6 0.557145 0.333326 0.080956 0.085717
6 0.097602 0.198796 0.080956 0.083337
6 0.679769 0.214273 0.073812 0.080956
2 0.329755 0.907161 0.083337 0.100005
7 0.09403 0.069029 0.11191 0.123815
7 0.913113 0.073792 0.102385 0.109529
11 0.31785 0.316659 0.092861 0.09048
6 0.222607 0.208321 0.073812 0.088099
10 0.446426 0.077363 0.092861 0.121434
8 0.667864 0.074981 0.088099 0.121434
5 0.448807 0.908351 0.083337 0.121434
3 0.449998 0.797632 0.080956 0.09048
2 0.448807 0.667864 0.083337 0.088099
11 0.20713 0.323802 0.095242 0.09048
3 0.554764 0.79406 0.080956 0.092861
4 0.554764 0.922637 0.085717 0.121434
9 0.557145 0.074981 0.09048 0.130958
