11 0.329771 0.299127 0.090566 0.109624
7 0.928759 0.052553 0.108277 0.105106
0 0.93834 0.802101 0.091707 0.115428
1 0.049204 0.95387 0.098407 0.092259
5 0.446505 0.940636 0.105888 0.118728
2 0.696967 0.935595 0.102781 0.128811
6 0.062553 0.186281 0.09961 0.100203
0 0.176021 0.577605 0.111317 0.097167
0 0.444052 0.81836 0.081389 0.103315
7 0.0615 0.053286 0.122999 0.106572
4 0.566845 0.938553 0.117456 0.122894
0 0.066601 0.718878 0.104842 0.103435
6 0.793949 0.173612 0.095059 0.082498
6 0.929554 0.181486 0.094567 0.08702
8 0.334586 0.050419 0.102861 0.100837
0 0.3228 0.829684 0.110613 0.112774
6 0.198979 0.178087 0.080589 0.105589
6 0.684302 0.174933 0.073502 0.090705
10 0.437036 0.435006 0.109708 0.10371
0 0.686413 0.687847 0.097025 0.116308
6 0.326735 0.179904 0.095098 0.095975
6 0.566057 0.425651 0.10023 0.098781
1 0.827305 0.935244 0.122787 0.129512
8 0.188264 0.295974 0.112057 0.092305
3 0.571238 0.833101 0.094335 0.168483
0 0.811671 0.801171 0.096397 0.117072
2 0.3194 0.945934 0.107231 0.108132
9 0.573407 0.056248 0.096517 0.112496
