7 0.06851 0.064904 0.112981 0.120192
7 0.929087 0.06851 0.122596 0.127404
6 0.674279 0.209135 0.088942 0.091346
6 0.788462 0.210337 0.091346 0.098558
6 0.913462 0.210337 0.100962 0.088942
1 0.91226 0.933894 0.117788 0.117788
1 0.063702 0.939904 0.122596 0.120192
0 0.66226 0.804087 0.079327 0.084135
0 0.778846 0.802885 0.086538 0.081731
0 0.908654 0.804087 0.091346 0.079327
2 0.319712 0.938702 0.091346 0.122596
2 0.674279 0.929087 0.098558 0.108173
8 0.304087 0.084135 0.09375 0.105769
8 0.675481 0.078125 0.096154 0.117788
3 0.182692 0.941106 0.096154 0.117788
3 0.788462 0.927885 0.100962 0.120192
11 0.802885 0.069712 0.100962 0.134615
11 0.1875 0.070913 0.100962 0.127404
10 0.44351 0.075721 0.09375 0.137019
9 0.552885 0.069712 0.100962 0.134615
5 0.43149 0.9375 0.103365 0.125
4 0.552885 0.9375 0.091346 0.125
