1 0.231624 0.771505 0.070419 0.067289
0 0.234754 0.695609 0.06103 0.053206
0 0.457748 0.690132 0.050076 0.051641
1 0.777765 0.774635 0.070419 0.067289
0 0.31378 0.691697 0.050076 0.051641
0 0.766028 0.685438 0.056335 0.051641
0 0.384982 0.690132 0.051641 0.054771
0 0.611888 0.690132 0.051641 0.051641
0 0.67996 0.681525 0.050076 0.053206
3 0.687785 0.778548 0.053206 0.078243
6 0.768376 0.308303 0.054771 0.0579
6 0.317692 0.308303 0.048511 0.0579
6 0.46479 0.307521 0.048511 0.056335
0 0.539122 0.541469 0.053206 0.051641
8 0.395153 0.222235 0.056335 0.073549
6 0.233189 0.302826 0.054771 0.053206
7 0.231624 0.217541 0.070419 0.073549
6 0.68622 0.307521 0.050076 0.056335
6 0.388112 0.306738 0.048511 0.054771
11 0.696392 0.219888 0.051641 0.087633
6 0.618148 0.311433 0.051641 0.054771
2 0.388112 0.767593 0.054771 0.065725
8 0.619713 0.219888 0.0579 0.075114
3 0.315345 0.777765 0.050076 0.076678
2 0.610323 0.767593 0.054771 0.065725
6 0.537557 0.391242 0.053206 0.054771
4 0.539122 0.778548 0.050076 0.078243
7 0.77307 0.219888 0.067289 0.075114
10 0.465573 0.222235 0.059465 0.079808
11 0.312997 0.22067 0.054771 0.082938
5 0.466355 0.767593 0.054771 0.078243
9 0.537557 0.22067 0.059465 0.086068
