6 0.25078125 0.2515625 0.075 0.07265625
6 0.24296875 0.31796875 0.08046875 0.0671875
6 0.33984375 0.3890625 0.07578125 0.05859375
6 0.346875 0.4671875 0.07109375 0.06015625
6 0.4375 0.53359375 0.075 0.053125
6 0.22734375 0.6234375 0.09375 0.05703125
6 0.228125 0.7046875 0.0828125 0.06484375
6 0.22421875 0.790625 0.09140625 0.06640625
4 0.8796875 0.4609375 0.12265625 0.0671875
9 0.10703125 0.4546875 0.12734375 0.071875
0 0.74140625 0.3140625 0.08203125 0.06953125
0 0.7421875 0.23515625 0.06796875 0.07421875
0 0.7453125 0.38984375 0.07578125 0.0671875
0 0.76953125 0.621875 0.08203125 0.0625
0 0.76953125 0.7078125 0.08203125 0.059375
0 0.7734375 0.79375 0.09375 0.06484375
0 0.44140625 0.46328125 0.07578125 0.05625
0 0.54375 0.54296875 0.07265625 0.053125
1 0.84765625 0.23046875 0.096875 0.08203125
1 0.9140625 0.8046875 0.1203125 0.07421875
5 0.87890625 0.54140625 0.1140625 0.065625
7 0.1421875 0.2375 0.09921875 0.08125
7 0.08671875 0.80546875 0.12109375 0.07109375
8 0.1046875 0.61640625 0.11875 0.053125
8 0.55 0.7078125 0.08046875 0.0625
2 0.8984375 0.625 0.11796875 0.059375
2 0.86953125 0.38359375 0.1046875 0.07265625
10 0.10234375 0.540625 0.13203125 0.06015625
3 0.66796875 0.61875 0.09375 0.05390625
3 0.6578125 0.384375 0.0875 0.071875
11 0.12421875 0.31171875 0.10859375 0.08125
11 0.33203125 0.62109375 0.09453125 0.065625
