1 0.298804 0.059912 0.106153 0.119825
1 0.925846 0.938854 0.13084 0.122293
0 0.056874 0.795007 0.096278 0.096278
0 0.185245 0.567889 0.091341 0.086404
0 0.311147 0.812288 0.091341 0.086404
0 0.550608 0.692556 0.091341 0.088872
0 0.792538 0.569123 0.091341 0.088872
0 0.674041 0.822162 0.096278 0.096278
0 0.925846 0.824631 0.101216 0.086404
11 0.811053 0.061147 0.098747 0.122294
8 0.795007 0.186479 0.11109 0.118497
7 0.924612 0.059912 0.133309 0.119825
5 0.31485 0.56542 0.103685 0.11109
4 0.544436 0.943791 0.103685 0.112418
9 0.671572 0.18401 0.106153 0.133309
6 0.556779 0.195119 0.088872 0.096278
6 0.804881 0.446923 0.086404 0.086404
6 0.922143 0.175369 0.093809 0.096278
