1 0.945913 0.927885 0.103365 0.120192
1 0.08774 0.927885 0.122596 0.120192
0 0.93149 0.788462 0.098558 0.096154
0 0.808894 0.802885 0.098558 0.091346
0 0.686298 0.804087 0.09375 0.084135
0 0.449519 0.691106 0.096154 0.098558
0 0.326923 0.804087 0.091346 0.103365
0 0.211538 0.816106 0.091346 0.09375
0 0.086538 0.813702 0.096154 0.09375
3 0.445913 0.427885 0.088942 0.115385
3 0.213942 0.94351 0.096154 0.11298
11 0.197115 0.067308 0.091346 0.129808
2 0.930288 0.085337 0.115385 0.122596
8 0.445913 0.33774 0.09375 0.103365
8 0.33774 0.069712 0.103365 0.134615
7 0.08774 0.066106 0.117788 0.127404
5 0.68149 0.314904 0.098558 0.105769
4 0.456731 0.939904 0.100962 0.120192
9 0.808894 0.070913 0.122596 0.137019
6 0.930288 0.324519 0.091346 0.086538
6 0.802885 0.316106 0.086538 0.084135
6 0.335337 0.334135 0.088942 0.091346
6 0.442308 0.206731 0.086538 0.096154
6 0.207933 0.201923 0.09375 0.096154
6 0.086538 0.185096 0.091346 0.096154
