0 0.543486 0.430766 0.102716 0.093136
1 0.02064 0.915225 0.04128 0.122068
0 0.650033 0.530878 0.105535 0.095809
0 0.914487 0.666973 0.115209 0.117213
0 0.17072 0.408393 0.10533 0.087633
0 0.781711 0.543535 0.10866 0.112165
0 0.045189 0.405937 0.090377 0.085774
0 0.418214 0.529671 0.120077 0.08488
8 0.164768 0.532366 0.114467 0.102706
6 0.561078 0.306769 0.097088 0.094451
6 0.671663 0.42239 0.109001 0.097484
6 0.947022 0.176842 0.105957 0.097409
6 0.80082 0.294669 0.102384 0.090997
3 0.253967 0.669177 0.130541 0.106624
1 0.637271 0.939318 0.128304 0.110949
7 0.069774 0.050001 0.139548 0.100002
7 0.704557 0.054396 0.121881 0.108791
4 0.77229 0.933294 0.133981 0.133412
11 0.197209 0.046096 0.117519 0.092193
6 0.196193 0.174789 0.098306 0.094209
3 0.271529 0.530234 0.113434 0.108531
6 0.058993 0.164321 0.104041 0.099667
9 0.451989 0.056522 0.114717 0.113043
8 0.43345 0.177928 0.093676 0.10994
2 0.127809 0.793706 0.108708 0.109428
