1 0.3859 0.245579 0.060948 0.075122
1 0.743083 0.752296 0.072287 0.073704
0 0.245579 0.670087 0.055278 0.056696
0 0.319992 0.539687 0.053861 0.056696
0 0.39157 0.678591 0.055278 0.056696
0 0.529765 0.612683 0.051026 0.049609
0 0.599926 0.684969 0.055278 0.055278
0 0.669378 0.686387 0.055278 0.052443
0 0.743791 0.685678 0.056696 0.056696
11 0.677174 0.24487 0.059531 0.076539
8 0.669378 0.319992 0.060948 0.0652
7 0.743791 0.244161 0.068035 0.075122
5 0.311487 0.4674 0.068035 0.059531
4 0.525513 0.758674 0.059531 0.072287
9 0.531183 0.397239 0.059531 0.069452
6 0.531892 0.327078 0.049609 0.053861
6 0.675048 0.470943 0.049609 0.049609
6 0.743791 0.312904 0.053861 0.053861
