0 0.093750 0.798077 0.096154 0.081731
1 0.087740 0.917067 0.108173 0.103365
0 0.213942 0.796875 0.081731 0.079327
0 0.907452 0.786058 0.088942 0.081731
0 0.775240 0.777644 0.079327 0.084135
6 0.912260 0.206731 0.084135 0.091346
0 0.557692 0.449519 0.081731 0.076923
6 0.223558 0.205529 0.076923 0.088942
0 0.675481 0.793269 0.076923 0.076923
6 0.438702 0.441106 0.079327 0.084135
6 0.557692 0.334135 0.081731 0.086538
6 0.786058 0.207933 0.076923 0.084135
0 0.320913 0.667067 0.079327 0.079327
1 0.925481 0.923077 0.105769 0.105769
0 0.442308 0.557692 0.076923 0.081731
6 0.092548 0.199519 0.084135 0.086538
6 0.682692 0.211538 0.076923 0.081731
8 0.338942 0.073317 0.086538 0.108173
11 0.316106 0.316106 0.093750 0.093750
11 0.438702 0.207933 0.088942 0.093750
2 0.329327 0.911058 0.086538 0.100962
7 0.917067 0.069712 0.108173 0.110577
7 0.090144 0.069712 0.112981 0.125000
5 0.448317 0.911058 0.088942 0.110577
3 0.449519 0.796875 0.081731 0.093750
8 0.669471 0.073317 0.088942 0.117788
3 0.555288 0.796875 0.081731 0.093750
10 0.447115 0.073317 0.091346 0.122596
2 0.439904 0.661058 0.086538 0.086538
4 0.555288 0.925481 0.091346 0.120192
9 0.560096 0.072115 0.086538 0.139423
6 0.328125 0.433894 0.084135 0.079327
