1 0.060096 0.929087 0.115385 0.112981
1 0.913462 0.929087 0.125000 0.117788
0 0.069712 0.787260 0.086538 0.103365
0 0.191106 0.804087 0.093750 0.093750
0 0.316106 0.804087 0.093750 0.088942
0 0.550481 0.688702 0.086538 0.093750
0 0.667067 0.811298 0.093750 0.084135
0 0.786058 0.811298 0.091346 0.093750
0 0.917067 0.819712 0.103365 0.096154
3 0.561298 0.441106 0.084135 0.122596
3 0.787260 0.944712 0.088942 0.110577
11 0.802885 0.066106 0.091346 0.127404
2 0.068510 0.085337 0.112981 0.122596
8 0.662260 0.069712 0.098558 0.134615
8 0.554087 0.335337 0.093750 0.093750
7 0.913462 0.064904 0.115385 0.125000
5 0.427885 0.929087 0.100962 0.117788
4 0.544471 0.939904 0.103365 0.120192
9 0.302885 0.187500 0.100962 0.125000
6 0.068510 0.324519 0.093750 0.086538
6 0.195913 0.314904 0.084135 0.091346
6 0.556490 0.210337 0.088942 0.093750
6 0.669471 0.209135 0.084135 0.091346
6 0.789663 0.205529 0.093750 0.093750
6 0.912260 0.182692 0.093750 0.096154
