11 0.341197 0.360929 0.108004 0.141748
7 0.963053 0.031642 0.073894 0.063284
0 0.979093 0.80887 0.041814 0.112701
6 0.03631 0.256901 0.07262 0.113894
4 0.644976 0.959264 0.130109 0.081472
0 0.207896 0.677462 0.119087 0.126954
6 0.966137 0.157823 0.067725 0.107916
7 0.041086 0.091509 0.082172 0.172083
8 0.313448 0.07998 0.1366 0.119727
0 0.090314 0.831104 0.129468 0.126217
1 0.246729 0.997148 0.138334 0.005703
2 0.774369 0.951606 0.111812 0.096788
6 0.168615 0.241281 0.120211 0.127828
6 0.855271 0.159687 0.105429 0.113318
6 0.727006 0.170323 0.095709 0.109952
10 0.094395 0.945821 0.170597 0.108358
0 0.746337 0.717129 0.103961 0.128378
3 0.884979 0.689368 0.145582 0.146434
6 0.31326 0.222234 0.091997 0.111122
0 0.377984 0.907715 0.125205 0.126759
9 0.591473 0.056835 0.140438 0.113669
0 0.874693 0.822393 0.11741 0.124422
8 0.891684 0.934859 0.123816 0.130282
2 0.391143 0.982799 0.120448 0.034401
