0 0.028146 0.678959 0.056291 0.073753
1 0.029801 0.784165 0.059602 0.093275
0 0.15894 0.675705 0.112583 0.071584
0 0.63245 0.362256 0.112583 0.069414
0 0.483443 0.453362 0.10596 0.073753
0 0.932119 0.661605 0.109272 0.073753
0 0.794702 0.671366 0.112583 0.071584
6 0.478476 0.364425 0.109272 0.073753
8 0.32947 0.035792 0.122516 0.071584
6 0.94702 0.140998 0.10596 0.078091
6 0.63245 0.255965 0.112583 0.078091
6 0.024835 0.133405 0.049669 0.075922
6 0.80298 0.147505 0.102649 0.073753
2 0.316225 0.778742 0.115895 0.091107
7 0.033113 0.035792 0.066225 0.071584
11 0.299669 0.240781 0.129139 0.082429
6 0.167219 0.142083 0.102649 0.08026
10 0.478476 0.039045 0.129139 0.078091
8 0.786424 0.037961 0.122516 0.075921
5 0.481788 0.779827 0.115895 0.110629
3 0.483443 0.678959 0.112583 0.082429
2 0.481788 0.560737 0.115895 0.08026
11 0.145695 0.247288 0.132451 0.082429
3 0.629138 0.675705 0.112583 0.084599
4 0.629138 0.792842 0.119205 0.110629
9 0.63245 0.04013 0.125828 0.08026
