1 0.090144 0.917067 0.108173 0.103365
0 0.092548 0.798077 0.09375 0.081731
0 0.213942 0.796875 0.076923 0.079327
0 0.909856 0.784856 0.084135 0.079327
3 0.784856 0.927885 0.079327 0.120192
0 0.776442 0.778846 0.076923 0.081731
0 0.439904 0.674279 0.081731 0.084135
0 0.674279 0.792067 0.079327 0.079327
1 0.924279 0.921875 0.108173 0.103365
0 0.324519 0.792067 0.081731 0.084135
6 0.91226 0.205529 0.084135 0.088942
6 0.221154 0.206731 0.076923 0.086538
6 0.09375 0.198317 0.081731 0.084135
0 0.560096 0.564904 0.081731 0.081731
8 0.338942 0.073317 0.086538 0.112981
6 0.436298 0.44351 0.074519 0.079327
6 0.786058 0.205529 0.076923 0.084135
7 0.091346 0.069712 0.110577 0.110577
11 0.801683 0.070913 0.079327 0.132212
6 0.558894 0.332933 0.079327 0.084135
6 0.68149 0.211538 0.074519 0.081731
8 0.683894 0.070913 0.088942 0.112981
6 0.328125 0.201923 0.074519 0.081731
3 0.217548 0.926683 0.079327 0.117788
2 0.670673 0.911058 0.086538 0.100962
2 0.329327 0.909856 0.081731 0.098558
4 0.560096 0.930288 0.076923 0.120192
10 0.447115 0.074519 0.091346 0.120192
11 0.213942 0.073317 0.086538 0.127404
5 0.449519 0.909856 0.100962 0.108173
7 0.920673 0.072115 0.100962 0.115385
9 0.560096 0.070913 0.086538 0.141827
