1 0.304087 0.064904 0.103365 0.125000
1 0.913462 0.927885 0.125000 0.120192
0 0.067308 0.787260 0.100962 0.093750
0 0.192308 0.566106 0.091346 0.088942
0 0.316106 0.804087 0.088942 0.093750
0 0.550481 0.689904 0.086538 0.091346
0 0.784856 0.566106 0.088942 0.093750
0 0.668269 0.812500 0.091346 0.091346
0 0.913462 0.817308 0.096154 0.091346
11 0.662260 0.305288 0.084135 0.115385
8 0.662260 0.064904 0.103365 0.125000
7 0.913462 0.069712 0.115385 0.134615
5 0.552885 0.330529 0.100962 0.108173
4 0.537260 0.938702 0.108173 0.122596
9 0.810096 0.319712 0.115385 0.115385
6 0.554087 0.205529 0.088942 0.093750
6 0.912260 0.182692 0.093750 0.091346
6 0.795673 0.448317 0.086538 0.084135
