11 0.276769 0.186756 0.057608 0.079211
11 0.719631 0.186756 0.061209 0.082812
7 0.811443 0.184056 0.075611 0.081011
0 0.813244 0.725032 0.064809 0.068409
1 0.188557 0.824945 0.07201 0.099014
5 0.457694 0.822245 0.066609 0.093613
6 0.191256 0.283969 0.059408 0.057608
8 0.373082 0.193057 0.07021 0.066609
7 0.188557 0.191256 0.082812 0.073811
0 0.199358 0.726832 0.064809 0.07201
6 0.71243 0.275868 0.057608 0.063009
6 0.805143 0.28217 0.066609 0.064809
10 0.454994 0.191256 0.068409 0.07021
0 0.28307 0.728632 0.059408 0.064809
6 0.28487 0.28127 0.055808 0.063009
6 0.371282 0.283969 0.055808 0.061209
6 0.455894 0.280369 0.055808 0.064809
2 0.635919 0.820445 0.066609 0.090012
6 0.626918 0.279469 0.059408 0.063009
6 0.543206 0.28217 0.054007 0.061209
0 0.459494 0.723231 0.059408 0.06841
4 0.545906 0.822245 0.066609 0.097214
8 0.629618 0.189457 0.07201 0.07021
0 0.630518 0.723231 0.059408 0.06841
1 0.815944 0.820445 0.077411 0.100814
0 0.371282 0.730432 0.059408 0.068409
0 0.71513 0.721431 0.066609 0.07201
3 0.364081 0.64042 0.063009 0.079211
9 0.543206 0.191256 0.07201 0.073811
0 0.538706 0.721431 0.063009 0.07201
3 0.721431 0.828546 0.064809 0.084612
2 0.375783 0.827646 0.064809 0.093613
