1 0.139925 0.864274 0.09448 0.090281
0 0.145174 0.759296 0.079783 0.069286
0 0.443312 0.755096 0.067186 0.069286
1 0.872672 0.868473 0.09448 0.090281
0 0.250152 0.759296 0.067186 0.069286
0 0.856926 0.749848 0.075584 0.071385
0 0.345682 0.755096 0.069286 0.073485
6 0.453809 0.241754 0.067186 0.075584
0 0.650119 0.755096 0.069286 0.069286
3 0.748798 0.873722 0.069286 0.104978
0 0.741449 0.743549 0.067186 0.071385
0 0.552489 0.555638 0.071385 0.069286
6 0.659566 0.244904 0.067186 0.073485
6 0.860075 0.242804 0.073485 0.077684
6 0.255401 0.242804 0.065086 0.077684
6 0.550389 0.241754 0.067186 0.075584
6 0.349881 0.238604 0.065086 0.073485
6 0.145174 0.235455 0.071385 0.071385
6 0.749848 0.242804 0.067186 0.077684
7 0.140975 0.124179 0.09658 0.09658
11 0.763495 0.124179 0.069286 0.117575
8 0.359329 0.127328 0.075584 0.09868
2 0.349881 0.859025 0.073485 0.088182
2 0.648019 0.857975 0.073485 0.090281
8 0.661666 0.124179 0.075584 0.100779
3 0.252252 0.872672 0.067186 0.102878
4 0.552489 0.873722 0.067186 0.104978
11 0.249102 0.127328 0.073485 0.111277
7 0.866373 0.124179 0.090281 0.100779
10 0.453809 0.127328 0.079783 0.107077
5 0.454859 0.859025 0.073485 0.104978
9 0.54829 0.125228 0.079783 0.115476
