7 0.964383 0.029862 0.071234 0.059724
11 0.304321 0.291372 0.092084 0.112227
0 0.974454 0.858264 0.051091 0.106472
1 0.029862 0.968699 0.059725 0.062602
5 0.433815 0.970138 0.109349 0.059725
6 0.028423 0.154685 0.056846 0.092084
11 0.70575 0.301445 0.094962 0.126615
0 0.034179 0.86258 0.068357 0.115105
7 0.035618 0.034178 0.071235 0.068356
0 0.435253 0.856825 0.094962 0.109349
4 0.576257 0.971577 0.106472 0.056847
0 0.707189 0.859703 0.097839 0.120861
0 0.553236 0.574818 0.094962 0.103594
8 0.29425 0.031301 0.106472 0.062601
6 0.840998 0.144614 0.089206 0.100717
8 0.707189 0.029862 0.115105 0.059725
0 0.153247 0.865457 0.094962 0.109349
10 0.42806 0.034179 0.109349 0.068357
6 0.968699 0.151809 0.062601 0.103594
6 0.29425 0.156124 0.089206 0.100717
6 0.704311 0.146053 0.092084 0.103594
6 0.157563 0.15037 0.092084 0.100717
2 0.721577 0.970138 0.109349 0.059725
6 0.429499 0.15037 0.089206 0.106472
6 0.567624 0.147492 0.089206 0.100717
1 0.970138 0.962944 0.059724 0.074112
0 0.291372 0.865457 0.100717 0.109349
0 0.843876 0.851069 0.106472 0.115105
3 0.284179 0.723015 0.103594 0.129493
9 0.567624 0.034179 0.117983 0.068358
3 0.853947 0.978771 0.103594 0.042459
2 0.298567 0.973015 0.103594 0.053969
