11 0.263232 0.120629 0.11087 0.076411
6 0.919688 0.028646 0.160625 0.057293
6 0.034957 0.051214 0.069915 0.045943
10 0.395052 0.789723 0.286039 0.371943
7 0.039355 0.010527 0.078711 0.021053
6 0.140143 0.046853 0.082155 0.046746
6 0.762902 0.02259 0.164359 0.045181
6 0.617209 0.030355 0.133211 0.06071
0 0.139704 0.343115 0.113713 0.116059
8 0.368367 0.051692 0.128464 0.064352
6 0.248274 0.048909 0.083331 0.049906
0 0.929219 0.579164 0.141562 0.205598
2 0.140668 0.205695 0.103313 0.082338
9 0.45348 0.000387 0.135164 0.000773
2 0.267767 0.21176 0.122322 0.082646
4 0.989941 0.840714 0.020118 0.318573
