0 0.090144 0.674279 0.088942 0.088942
0 0.21875 0.557692 0.081731 0.091346
0 0.332933 0.552885 0.079327 0.081731
0 0.442308 0.448317 0.081731 0.079327
1 0.91226 0.917067 0.108173 0.103365
0 0.550481 0.552885 0.076923 0.081731
0 0.909856 0.671875 0.088942 0.079327
6 0.78125 0.205529 0.072115 0.088942
6 0.08774 0.206731 0.084135 0.091346
6 0.552885 0.448317 0.076923 0.084135
6 0.211538 0.320913 0.081731 0.084135
6 0.909856 0.195913 0.084135 0.084135
6 0.442308 0.331731 0.081731 0.086538
6 0.324519 0.441106 0.076923 0.084135
5 0.677885 0.794471 0.086538 0.108173
11 0.686298 0.316106 0.09375 0.09375
1 0.326923 0.923077 0.091346 0.100962
2 0.671875 0.911058 0.084135 0.100962
7 0.909856 0.064904 0.112981 0.125
0 0.792067 0.544471 0.079327 0.079327
3 0.442308 0.796875 0.086538 0.098558
3 0.551683 0.798077 0.084135 0.091346
11 0.798077 0.322115 0.105769 0.081731
9 0.205529 0.070913 0.098558 0.137019
2 0.550481 0.669471 0.081731 0.088942
8 0.436298 0.205529 0.088942 0.09375
8 0.558894 0.205529 0.084135 0.098558
10 0.554087 0.073317 0.09375 0.132212
7 0.31851 0.072115 0.098558 0.120192
4 0.204327 0.918269 0.110577 0.120192
