7 0.923775 0.068321 0.125076 0.113475
11 0.335644 0.332493 0.103334 0.11818
0 0.917719 0.801188 0.101113 0.097087
10 0.325547 0.821815 0.107534 0.15047
6 0.079306 0.214465 0.089999 0.081655
7 0.082216 0.088829 0.116534 0.109487
6 0.210125 0.209514 0.079976 0.095487
6 0.911691 0.200324 0.094876 0.104809
6 0.784497 0.198368 0.096314 0.089169
6 0.66375 0.200159 0.09153 0.095924
6 0.321592 0.214057 0.09405 0.083171
0 0.204503 0.579939 0.076002 0.084951
0 0.670105 0.68445 0.100984 0.112419
4 0.677553 0.820886 0.106663 0.139985
8 0.453945 0.222747 0.100778 0.111173
2 0.203265 0.439748 0.100205 0.093151
0 0.791858 0.79721 0.094416 0.113231
9 0.557643 0.079691 0.094053 0.111661
3 0.561461 0.815095 0.106018 0.1145
2 0.319602 0.450486 0.094193 0.096349
