0 0.438976 0.524621 0.070866 0.060606
1 0.056102 0.892992 0.088583 0.081439
0 0.729331 0.702652 0.072834 0.068181
0 0.352362 0.604167 0.062992 0.064394
0 0.622047 0.611742 0.066929 0.068181
0 0.530512 0.607954 0.064961 0.064394
8 0.261811 0.236743 0.070866 0.090909
0 0.061024 0.516099 0.070866 0.0625
0 0.161417 0.513258 0.066929 0.064394
6 0.440945 0.435606 0.066929 0.064394
6 0.537402 0.517993 0.062992 0.066288
6 0.628937 0.423295 0.064961 0.066288
6 0.732284 0.333334 0.070866 0.07197
11 0.149606 0.422349 0.086614 0.068181
1 0.534449 0.89678 0.072834 0.077652
7 0.056102 0.221591 0.088583 0.098485
6 0.349409 0.525568 0.064961 0.0625
7 0.542323 0.224432 0.076772 0.092803
3 0.438976 0.798295 0.070866 0.077652
8 0.445866 0.331439 0.064961 0.079546
11 0.154528 0.224432 0.072834 0.096591
6 0.16437 0.332386 0.061023 0.070076
4 0.634842 0.891098 0.084645 0.092803
6 0.060039 0.32481 0.068898 0.066288
2 0.158464 0.804924 0.076772 0.079546
2 0.351378 0.697917 0.072834 0.070075
9 0.350393 0.226325 0.074803 0.100379
3 0.13878 0.702652 0.09252 0.068181
