11 0.11276 0.163653 0.102057 0.121509
7 0.799826 0.029021 0.12832 0.058041
5 0.54989 0.929546 0.122316 0.140908
11 0.6258 0.299979 0.102625 0.123845
0 0.96228 0.692059 0.07544 0.10686
1 0.196857 0.975051 0.136965 0.049899
6 0.040623 0.31675 0.081246 0.094046
4 0.661729 0.905985 0.117077 0.147138
10 0.344547 0.114754 0.111466 0.115003
7 0.031957 0.197587 0.063914 0.12188
0 0.179087 0.889674 0.106794 0.113868
6 0.828423 0.120871 0.104524 0.104524
8 0.57056 0.057716 0.116138 0.115432
8 0.238549 0.141747 0.1121 0.108563
6 0.705822 0.145713 0.094046 0.097583
0 0.291209 0.862431 0.100988 0.108061
6 0.264875 0.260276 0.09171 0.097015
6 0.153069 0.283733 0.094613 0.099919
6 0.596603 0.174725 0.095181 0.102254
6 0.373527 0.228929 0.092845 0.101686
0 0.516655 0.802703 0.096316 0.106926
2 0.779123 0.874986 0.118277 0.143034
6 0.485932 0.202853 0.092277 0.099351
0 0.405635 0.839574 0.098652 0.107493
1 0.970696 0.815609 0.058609 0.166829
3 0.367629 0.723883 0.107297 0.12498
0 0.740899 0.748216 0.100988 0.108061
9 0.462793 0.087259 0.119042 0.119042
0 0.84895 0.719487 0.10913 0.114436
3 0.890896 0.856486 0.110767 0.130219
0 0.620034 0.77511 0.104459 0.113301
2 0.438085 0.943735 0.108934 0.112529
