1 0.340351 0.14642 0.084232 0.103821
1 0.83595 0.849663 0.099903 0.099903
0 0.250241 0.55387 0.068562 0.068562
0 0.349165 0.7478 0.074438 0.072479
0 0.148379 0.734088 0.080315 0.068562
0 0.540157 0.653773 0.072479 0.076397
0 0.635163 0.754656 0.074438 0.074438
0 0.734088 0.756615 0.072479 0.074438
0 0.83595 0.757595 0.084232 0.068561
3 0.350145 0.340351 0.076397 0.099903
11 0.7478 0.145441 0.080315 0.101862
8 0.734088 0.250242 0.084232 0.08815
7 0.83693 0.14642 0.094027 0.103821
5 0.141523 0.148379 0.094027 0.107739
4 0.540157 0.857498 0.08815 0.099903
9 0.340351 0.461802 0.084232 0.084232
6 0.149359 0.356021 0.074438 0.068562
6 0.255138 0.458863 0.07052 0.07052
6 0.544075 0.261015 0.072479 0.078356
6 0.740944 0.454946 0.07052 0.074438
6 0.83595 0.242405 0.076397 0.076397
