7 0.917067 0.081731 0.112981 0.100962
11 0.338942 0.328125 0.086538 0.103365
0 0.917067 0.801683 0.088942 0.088942
6 0.088942 0.211538 0.081731 0.076923
6 0.908654 0.209135 0.086538 0.086538
7 0.087740 0.087740 0.112981 0.103365
8 0.448317 0.223558 0.093750 0.091346
6 0.213942 0.209135 0.076923 0.081731
6 0.784856 0.204327 0.084135 0.081731
0 0.205529 0.576923 0.088942 0.086538
6 0.669471 0.204327 0.079327 0.081731
10 0.438702 0.558894 0.093750 0.103365
6 0.329327 0.212740 0.076923 0.079327
3 0.805288 0.674279 0.125000 0.098558
1 0.203125 0.812500 0.103365 0.120192
0 0.329327 0.807692 0.081731 0.096154
2 0.207933 0.439904 0.098558 0.086538
2 0.334135 0.933894 0.091346 0.127404
0 0.671875 0.686298 0.084135 0.093750
9 0.558894 0.087740 0.098558 0.103365
4 0.680288 0.811298 0.105769 0.141827
0 0.788462 0.796875 0.086538 0.098558
