1 0.429087 0.064904 0.084135 0.125000
1 0.913462 0.929087 0.115385 0.117788
0 0.068510 0.787260 0.098558 0.084135
0 0.191106 0.801683 0.084135 0.098558
0 0.316106 0.802885 0.084135 0.091346
0 0.551683 0.691106 0.093750 0.084135
0 0.669471 0.808894 0.093750 0.093750
0 0.787260 0.816106 0.093750 0.093750
0 0.913462 0.806490 0.096154 0.084135
3 0.554087 0.439904 0.088942 0.120192
11 0.802885 0.066106 0.096154 0.127404
8 0.318510 0.068510 0.093750 0.122596
8 0.676683 0.063702 0.093750 0.122596
7 0.912260 0.066106 0.117788 0.127404
5 0.317308 0.323317 0.096154 0.103365
4 0.549279 0.942308 0.108173 0.115385
9 0.179087 0.069712 0.112981 0.134615
6 0.069712 0.320913 0.091346 0.088942
6 0.200721 0.445913 0.084135 0.088942
6 0.554087 0.205529 0.084135 0.098558
6 0.913462 0.182692 0.100962 0.096154
6 0.795673 0.445913 0.086538 0.088942
