11 0.103751 0.173219 0.101695 0.122085
11 0.674913 0.042014 0.107585 0.084028
7 0.792391 0.025059 0.125536 0.050118
0 0.964102 0.681879 0.071795 0.110644
1 0.210723 0.975252 0.127119 0.049496
5 0.556897 0.929174 0.118285 0.141652
6 0.037681 0.328173 0.075362 0.094846
8 0.230147 0.148032 0.113589 0.110191
7 0.028853 0.209534 0.057706 0.123837
0 0.190717 0.896534 0.108491 0.115288
6 0.696449 0.13746 0.096091 0.101189
6 0.818201 0.113519 0.108323 0.106623
10 0.335166 0.117378 0.112513 0.114212
0 0.299304 0.869901 0.099036 0.104133
6 0.146889 0.292312 0.093769 0.100566
6 0.25927 0.265905 0.093147 0.098244
6 0.367149 0.231996 0.094392 0.102887
2 0.786132 0.866268 0.11704 0.139129
6 0.587409 0.171681 0.098413 0.101812
6 0.480379 0.204119 0.090825 0.097622
0 0.524971 0.801913 0.100281 0.108777
4 0.670665 0.899723 0.119531 0.148416
8 0.559758 0.056193 0.117157 0.112386
0 0.745543 0.742759 0.100281 0.108777
1 0.97548 0.804001 0.049041 0.156795
0 0.413694 0.841711 0.100281 0.108777
0 0.854045 0.711171 0.110813 0.115911
3 0.373273 0.728112 0.108661 0.123953
9 0.448934 0.086867 0.118402 0.120101
0 0.626508 0.772194 0.106171 0.114666
3 0.89922 0.847139 0.11285 0.131541
2 0.453124 0.946979 0.115964 0.106043
