9 0.21732065434762954 0.28587419484160975 0.0839695079906583 0.19805242257503447
10 0.4699254838939482 0.40911116198650643 0.06800883366511566 0.1786398400088107
8 0.34257513986060073 0.06547207690166182 0.05884010489418319 0.13094415380332364
7 0.25966342719825486 0.06307088509279882 0.05494062062856407 0.1184038297507689
7 0.13059399975559924 0.7795717230573437 0.08296248501403038 0.14036011488272657
6 0.23876707667867617 0.7783130153503511 0.06569498938483256 0.11492393129069875
11 0.34564214535908955 0.6448847261053868 0.07480077921972576 0.15468529231748215
11 0.3861204595426981 0.32236375789552696 0.06134884927476136 0.1413102964182515
6 0.30550769480746626 0.328108488162869 0.05108309565363784 0.10393879590412561
6 0.4154789379381575 0.15498876609706555 0.0487002291451382 0.105112747698671
6 0.480032213413292 0.243161863523989 0.047519285713561496 0.10630068513440527
6 0.3801290940346149 0.5279205753317507 0.05120897352571637 0.11115033436566407
6 0.4451919642902408 0.6557431486559469 0.05603764547875519 0.11240820000734239
6 0.6377751217562507 0.43119163375853553 0.05102015671759857 0.10033302667335639
8 0.6336929039746914 0.5273734511947593 0.06139080856545412 0.14371414257209764
0 0.729306738887159 0.14412697528524931 0.047540265358907874 0.10750260821132841
5 0.7235549625388782 0.19826945631154302 0.06305428383999831 0.17017043590559405
4 0.836889655971722 0.38321092603930595 0.07669503059308078 0.19436273949713245
3 0.8355740216070753 0.5274277096288864 0.07815479270633793 0.1403041723179716
2 0.8185427616143167 0.12626511476035476 0.0708803153087602 0.13661448924006953
2 0.8527068263032032 0.6473962470621732 0.06856038773629983 0.1413942102653842
3 0.6435417944577007 0.30735159991189215 0.06482874063345206 0.13414071488027932
1 0.8076983909844851 0.062489849434477954 0.06719062749660545 0.12497969886895591
0 0.5865655244759853 0.06046871376636731 0.04998607080344678 0.10993442564755215
0 0.578820681819795 0.2287938871003533 0.05118799388036986 0.109948411288741
0 0.739506823803429 0.31705005630909555 0.05232697802125367 0.10635662769916052
0 0.7389044973805604 0.4204014552832914 0.05833659340586905 0.1064265559051045
0 0.7480765796748561 0.6522187670763684 0.06331212287633292 0.11609788308524435
0 0.5612838043244569 0.5450395127430105 0.05118799388036999 0.109948411288741
