11 0.664663 0.674279 0.079327 0.09375
7 0.08774 0.921875 0.103365 0.108173
0 0.082933 0.200721 0.088942 0.088942
1 0.915865 0.066106 0.096154 0.132212
0 0.794471 0.425481 0.088942 0.086538
6 0.911058 0.788462 0.081731 0.076923
4 0.436298 0.069712 0.09375 0.139423
7 0.914663 0.911058 0.112981 0.100962
2 0.314904 0.06851 0.096154 0.127404
8 0.669471 0.909856 0.098558 0.088942
0 0.905048 0.30649 0.088942 0.084135
6 0.213942 0.798077 0.076923 0.081731
6 0.091346 0.790865 0.086538 0.086538
0 0.331731 0.314904 0.081731 0.091346
6 0.329327 0.795673 0.076923 0.081731
6 0.786058 0.792067 0.076923 0.084135
0 0.557692 0.444712 0.081731 0.081731
6 0.670673 0.788462 0.072115 0.081731
6 0.445913 0.558894 0.084135 0.084135
8 0.798077 0.683894 0.096154 0.084135
1 0.197115 0.074519 0.091346 0.134615
10 0.677885 0.421875 0.086538 0.108173
3 0.44351 0.1875 0.079327 0.129808
0 0.671875 0.195913 0.084135 0.09375
5 0.555288 0.186298 0.091346 0.127404
0 0.211538 0.204327 0.091346 0.096154
9 0.4375 0.91226 0.096154 0.103365
2 0.664663 0.063702 0.088942 0.127404
