0 0.790358 0.926209 0.116196 0.114756
7 0.982592 0.242101 0.034816 0.137752
11 0.405239 0.285363 0.114335 0.125856
4 0.412058 0.922355 0.133407 0.155289
6 0.211914 0.088679 0.10306 0.100179
0 0.195505 0.468841 0.113117 0.111676
2 0.527309 0.946643 0.128489 0.106713
7 0.250321 0.019457 0.140633 0.038914
6 0.963954 0.365883 0.072093 0.110857
1 0.077814 0.810995 0.138349 0.154192
8 0.477955 0.063701 0.122976 0.117215
0 0.054697 0.545364 0.109394 0.110857
6 0.329114 0.128626 0.097919 0.10224
6 0.870953 0.316176 0.099359 0.1008
6 0.759711 0.280949 0.103258 0.106139
0 0.595903 0.729115 0.107977 0.113738
6 0.437897 0.170633 0.095659 0.101421
10 0.303158 0.510439 0.118034 0.125236
0 0.23475 0.727272 0.111056 0.116817
3 0.447596 0.817246 0.125808 0.157494
9 0.696736 0.130258 0.129533 0.135294
0 0.669247 0.875894 0.116395 0.120716
2 0.195326 0.853611 0.129309 0.150914
8 0.636799 0.959434 0.139169 0.081133
