1 0.236634 0.126384 0.085148 0.097786
1 0.737624 0.785978 0.10099 0.092251
0 0.144555 0.508303 0.071287 0.064576
0 0.041584 0.678045 0.079208 0.064576
0 0.244555 0.69096 0.077228 0.075646
0 0.439604 0.604244 0.071287 0.071956
0 0.537624 0.696494 0.077228 0.071956
0 0.633664 0.509225 0.075247 0.06642
0 0.741584 0.701107 0.081188 0.070111
11 0.541584 0.22048 0.077228 0.094096
8 0.642574 0.223248 0.077228 0.088561
7 0.738614 0.125461 0.09505 0.099631
5 0.441584 0.326568 0.083169 0.084871
4 0.429703 0.795203 0.091089 0.092251
9 0.654455 0.317343 0.097029 0.084871
6 0.442575 0.232473 0.069307 0.070111
6 0.736634 0.214944 0.075247 0.071956
6 0.640594 0.420664 0.069307 0.06642
