7 0.917067 0.917067 0.112981 0.098558
0 0.917067 0.198317 0.088942 0.088942
11 0.338942 0.668269 0.086538 0.096154
6 0.088942 0.788462 0.081731 0.076923
7 0.088942 0.91226 0.115385 0.103365
6 0.908654 0.790865 0.086538 0.086538
6 0.21274 0.790865 0.074519 0.081731
6 0.786058 0.798077 0.076923 0.081731
6 0.670673 0.796875 0.076923 0.084135
8 0.450721 0.77524 0.09375 0.088942
0 0.206731 0.424279 0.081731 0.079327
10 0.438702 0.438702 0.088942 0.108173
3 0.80649 0.325721 0.127404 0.103365
6 0.329327 0.786058 0.076923 0.081731
1 0.204327 0.186298 0.096154 0.122596
0 0.669471 0.31851 0.084135 0.088942
2 0.206731 0.561298 0.096154 0.088942
9 0.5625 0.91226 0.100962 0.103365
0 0.788462 0.201923 0.086538 0.096154
0 0.329327 0.19351 0.081731 0.098558
2 0.557692 0.317308 0.091346 0.105769
4 0.682692 0.185096 0.105769 0.139423
