0 0.763244 0.611609 0.05542 0.050802
1 0.239065 0.30757 0.069275 0.061578
0 0.678575 0.538486 0.052341 0.05542
0 0.606991 0.535407 0.050802 0.052341
0 0.535407 0.468441 0.05542 0.050802
0 0.467672 0.535407 0.049262 0.049262
6 0.756316 0.456895 0.053881 0.052341
11 0.462284 0.466132 0.053881 0.058499
6 0.683963 0.385311 0.050802 0.053881
7 0.385311 0.22521 0.063117 0.066196
6 0.612379 0.462284 0.049262 0.053881
6 0.535407 0.395318 0.052341 0.052341
4 0.618537 0.764784 0.058499 0.073893
9 0.536946 0.225979 0.058499 0.089287
2 0.460744 0.385311 0.056959 0.063117
