11 0.377818 0.270825 0.13166 0.127958
7 0.964048 0.045533 0.071904 0.091067
0 0.995516 0.80887 0.008968 0.127899
6 0.063289 0.118899 0.111944 0.09313
6 0.975789 0.163499 0.048421 0.096805
6 0.222614 0.125135 0.11132 0.116248
7 0.068562 0.022318 0.137124 0.044636
6 0.868017 0.153981 0.096333 0.094018
6 0.749318 0.149658 0.091306 0.111314
10 0.220787 0.879168 0.159254 0.203717
8 0.503495 0.155063 0.118946 0.114359
0 0.220489 0.562728 0.133741 0.119755
6 0.363261 0.14021 0.108917 0.105449
3 0.923798 0.665477 0.139915 0.121188
2 0.214317 0.396887 0.125722 0.110694
0 0.78151 0.679846 0.097636 0.110979
9 0.620964 0.035471 0.114903 0.070942
0 0.388085 0.850971 0.111758 0.129117
2 0.368618 0.407583 0.120804 0.110517
4 0.800298 0.830148 0.124971 0.168983
0 0.918834 0.808691 0.105582 0.130006
