11 0.262195 0.468983 0.117496 0.119416
11 0.525175 0.260789 0.128542 0.132061
5 0.733206 0.868638 0.15619 0.161949
0 0.974756 0.464753 0.050489 0.125225
2 0.912583 0.714007 0.145144 0.149303
6 0.027703 0.539751 0.055405 0.111367
4 0.823357 0.790939 0.161107 0.167186
8 0.109862 0.292383 0.129249 0.127969
6 0.629472 0.03816 0.12184 0.07632
0 0.312177 0.906522 0.120308 0.119988
6 0.530253 0.08968 0.111047 0.112327
0 0.649857 0.766002 0.119348 0.120948
0 0.57088 0.517798 0.1129 0.11386
0 0.468788 0.920473 0.117816 0.119096
6 0.442273 0.162462 0.1129 0.11386
6 0.093258 0.458989 0.109515 0.110475
6 0.414303 0.49446 0.1129 0.11386
6 0.504901 0.421071 0.116284 0.117244
10 0.19551 0.22621 0.130142 0.130462
0 0.74949 0.533829 0.121201 0.122481
8 0.149277 0.715265 0.13851 0.135631
0 0.563696 0.846638 0.119349 0.120948
6 0.184622 0.386525 0.107663 0.108943
1 0.963246 0.634776 0.073507 0.161949
3 0.478909 0.759231 0.133779 0.136978
3 0.746105 0.705099 0.154337 0.160416
2 0.649377 0.932618 0.149741 0.134763
9 0.283683 0.142348 0.146425 0.148024
