11 0.453961 0.195122 0.068522 0.115853
5 0.552462 0.940548 0.085653 0.118903
11 0.752677 0.202744 0.070664 0.137195
1 0.228052 0.939024 0.083512 0.121952
0 0.965739 0.795732 0.068523 0.115854
6 0.232334 0.048781 0.070664 0.097562
2 0.763383 0.940549 0.079229 0.118902
0 0.2409 0.798781 0.074947 0.121951
4 0.657388 0.9375 0.08137 0.125
0 0.549251 0.792683 0.070664 0.115853
0 0.637045 0.489329 0.070664 0.106708
6 0.962527 0.048781 0.074946 0.097562
0 0.341542 0.797256 0.070664 0.112805
6 0.751606 0.047256 0.068522 0.094512
0 0.755889 0.791159 0.072805 0.118902
6 0.85439 0.045732 0.068522 0.091464
6 0.446467 0.051829 0.066381 0.103658
6 0.344753 0.048781 0.068522 0.097562
6 0.547109 0.04878 0.066381 0.097561
6 0.649893 0.048781 0.066381 0.097562
0 0.444325 0.800305 0.070664 0.118902
1 0.963597 0.932927 0.072805 0.134146
0 0.856531 0.789634 0.077087 0.121951
3 0.437902 0.650914 0.074947 0.137195
3 0.649893 0.8125 0.074947 0.167683
2 0.453961 0.943597 0.08137 0.112805
