7 0.066236 0.012707 0.132472 0.025413
7 0.977971 0.036519 0.044059 0.073039
6 0.761525 0.140684 0.115067 0.096121
6 0.885076 0.148814 0.10947 0.105492
6 0.979526 0.147606 0.040948 0.097561
1 0.061859 0.969026 0.123718 0.061947
0 0.774994 0.831645 0.126694 0.110787
0 0.91568 0.828494 0.099331 0.122454
2 0.364597 0.964155 0.135993 0.07169
2 0.804756 0.954464 0.132033 0.091071
8 0.344267 0.024861 0.108973 0.049722
8 0.756289 0.036684 0.11168 0.073369
3 0.193125 0.969373 0.126733 0.061253
3 0.935437 0.951368 0.125975 0.097263
11 0.892375 0.039467 0.115286 0.078935
11 0.205974 0.0233 0.124768 0.0466
