7 0.959361 0.044604 0.081278 0.089209
11 0.343067 0.322202 0.094399 0.112846
0 0.953976 0.824871 0.092047 0.096729
6 0.085487 0.19705 0.089482 0.094133
7 0.077835 0.067203 0.135458 0.11824
6 0.954994 0.168321 0.090011 0.109688
0 0.193847 0.587028 0.109969 0.089146
10 0.081091 0.720788 0.114208 0.138241
8 0.336103 0.06233 0.103427 0.100649
2 0.698823 0.947605 0.109227 0.104791
6 0.834278 0.161326 0.086831 0.094828
6 0.211339 0.19459 0.084477 0.100712
6 0.71021 0.175752 0.094026 0.105378
0 0.696874 0.698835 0.110836 0.111903
6 0.330852 0.19432 0.087626 0.093708
3 0.842272 0.67938 0.146754 0.130865
1 0.186743 0.833145 0.09717 0.12537
2 0.327754 0.949441 0.103476 0.101119
0 0.323567 0.833283 0.097344 0.108616
4 0.569335 0.948884 0.11404 0.102232
0 0.819819 0.814965 0.101771 0.120413
8 0.833604 0.945505 0.115513 0.108991
9 0.591904 0.057442 0.125789 0.114883
