0 0.06166 0.763717 0.106587 0.107924
1 0.062453 0.912521 0.124723 0.133893
0 0.204292 0.756735 0.099012 0.112718
0 0.688013 0.748572 0.089587 0.115309
0 0.942541 0.745544 0.10522 0.114152
0 0.555371 0.311771 0.089341 0.112713
6 0.918761 0.034852 0.102257 0.069705
1 0.943911 0.92447 0.112179 0.137406
0 0.792275 0.731049 0.09582 0.110289
6 0.428505 0.29669 0.083991 0.099451
3 0.811996 0.925671 0.089777 0.148658
0 0.437948 0.454122 0.099431 0.114331
6 0.560549 0.164195 0.083695 0.10446
0 0.311369 0.588696 0.098236 0.113184
6 0.787671 0.033654 0.0895 0.067308
6 0.060043 0.017689 0.088421 0.035377
6 0.194893 0.028023 0.086045 0.056046
6 0.682357 0.033499 0.087932 0.066999
2 0.315523 0.912168 0.087093 0.135578
11 0.423934 0.036392 0.098295 0.072784
3 0.449601 0.760758 0.09139 0.139732
5 0.450218 0.911932 0.099824 0.144143
2 0.439617 0.582046 0.106975 0.117712
4 0.566961 0.920476 0.097794 0.159048
6 0.309939 0.282084 0.097961 0.1133
