7 0.671209 0.002968 0.143915 0.005936
0 0.974876 0.570409 0.050247 0.120298
6 0.027879 0.437379 0.055757 0.108423
7 0.008273 0.331341 0.016546 0.143331
10 0.499582 0.865101 0.154486 0.167394
8 0.325012 0.278609 0.122421 0.121428
6 0.724126 0.054892 0.117047 0.109783
6 0.61364 0.104604 0.106301 0.108287
6 0.512343 0.159868 0.10743 0.110409
6 0.110834 0.3776 0.106301 0.108287
6 0.21439 0.32658 0.105171 0.106164
11 0.269672 0.704249 0.147439 0.148432
4 0.805955 0.691185 0.14812 0.164006
2 0.21294 0.587397 0.125672 0.124679
9 0.357204 0.10627 0.135563 0.137548
0 0.734864 0.580611 0.116055 0.11804
0 0.896232 0.625448 0.122693 0.127658
3 0.702964 0.743264 0.145316 0.147302
2 0.319746 0.537371 0.126801 0.126801
