7 0.998412 0.348455 0.003175 0.142941
11 0.448173 0.269329 0.125637 0.130821
0 0.708075 0.954992 0.121653 0.090016
6 0.290448 0.048728 0.109366 0.097456
7 0.352259 0.005223 0.150549 0.010446
6 0.970189 0.454845 0.059621 0.118365
8 0.594744 0.235208 0.127017 0.126153
6 0.39961 0.104585 0.107638 0.109366
6 0.896718 0.387844 0.106426 0.10729
6 0.796034 0.329063 0.110926 0.112654
3 0.679066 0.803563 0.153489 0.145713
0 0.206912 0.417964 0.120441 0.119577
6 0.496832 0.166911 0.107638 0.109366
2 0.275737 0.295308 0.121653 0.121653
1 0.085025 0.619589 0.147789 0.154701
0 0.197475 0.679672 0.119062 0.124246
0 0.554677 0.744861 0.115426 0.118017
2 0.137308 0.785114 0.135165 0.154173
10 0.236347 0.844326 0.151257 0.167672
9 0.758715 0.173666 0.137229 0.138957
4 0.498746 0.859734 0.149697 0.162657
0 0.600474 0.902423 0.126501 0.129957
