0 0.751303 0.927039 0.123016 0.123016
0 0.072961 0.941553 0.123016 0.116894
0 0.234639 0.930554 0.123016 0.123016
0 0.900678 0.911223 0.119501 0.12653
6 0.076476 0.064174 0.115986 0.12653
6 0.580838 0.255727 0.119501 0.130044
6 0.761848 0.064174 0.115986 0.12653
6 0.39983 0.413889 0.115986 0.123016
0 0.413889 0.577325 0.123016 0.119501
6 0.920011 0.062416 0.115986 0.123016
11 0.403345 0.061962 0.151133 0.123923
0 0.577325 0.419162 0.119501 0.119501
3 0.417404 0.934523 0.130044 0.130953
2 0.408617 0.737245 0.12653 0.130044
6 0.236396 0.394559 0.12653 0.119501
