7 0.268609 0.266675 0.060587 0.064454
7 0.730103 0.271187 0.065743 0.068322
6 0.593459 0.345309 0.047696 0.048985
6 0.654691 0.345954 0.048985 0.052853
6 0.721724 0.344665 0.054142 0.047696
1 0.722368 0.73397 0.063165 0.063165
1 0.267964 0.735903 0.064454 0.064454
0 0.588302 0.665648 0.04254 0.045118
0 0.650823 0.663714 0.046407 0.043829
0 0.719145 0.665648 0.048985 0.04254
2 0.403319 0.735259 0.048985 0.065743
2 0.593459 0.73268 0.052853 0.058009
8 0.397517 0.279566 0.050274 0.05672
8 0.594104 0.275054 0.051564 0.063165
