11 0.129243 0.228034 0.086162 0.09205
7 0.898173 0.224895 0.114882 0.094142
5 0.39295 0.956067 0.101828 0.087866
11 0.63577 0.448745 0.086162 0.094142
0 0.906005 0.852511 0.093994 0.077406
1 0.028721 0.959205 0.057442 0.08159
6 0.024804 0.341004 0.049608 0.066946
4 0.518277 0.956067 0.096605 0.087866
10 0.386423 0.234309 0.099217 0.083682
7 0.030026 0.233263 0.060053 0.085774
0 0.030026 0.855649 0.060052 0.083682
6 0.895562 0.338912 0.093994 0.075313
8 0.639687 0.232217 0.104439 0.083682
8 0.267624 0.235355 0.101828 0.077406
6 0.759791 0.334728 0.083551 0.07113
0 0.138381 0.855649 0.088773 0.079498
6 0.265013 0.341004 0.08094 0.07113
6 0.140992 0.337866 0.083551 0.073222
6 0.637076 0.33682 0.083551 0.075313
6 0.387729 0.33682 0.08094 0.075313
0 0.391645 0.851465 0.083551 0.079498
2 0.65013 0.956067 0.099217 0.087866
6 0.513054 0.337866 0.08094 0.073222
0 0.265013 0.859832 0.086162 0.079498
1 0.912533 0.950837 0.122716 0.098326
3 0.25457 0.754184 0.091384 0.094142
0 0.642298 0.851465 0.088773 0.079498
9 0.518277 0.235355 0.10705 0.085774
0 0.763708 0.849372 0.096605 0.083682
3 0.772846 0.962343 0.093994 0.075314
0 0.507833 0.849372 0.091384 0.083682
2 0.26893 0.956067 0.088773 0.087866
