1 0.953727 0.737328 0.092546 0.115207
0 0.070694 0.602535 0.100257 0.089862
0 0.204371 0.390553 0.095115 0.080646
0 0.335476 0.618664 0.095115 0.080646
0 0.584833 0.506912 0.095115 0.082949
0 0.836761 0.391705 0.095115 0.082949
0 0.713367 0.62788 0.100257 0.089862
0 0.961439 0.630185 0.077121 0.080645
8 0.839332 0.044931 0.115681 0.089862
5 0.339332 0.388249 0.10797 0.103687
4 0.578406 0.747696 0.10797 0.117511
9 0.710797 0.047235 0.110539 0.09447
6 0.591259 0.043779 0.092545 0.087558
6 0.849614 0.277649 0.089975 0.080646
6 0.96144 0.034562 0.07712 0.069124
