11 0.20469 0.185148 0.138969 0.169369
11 0.808338 0.200349 0.147655 0.191082
0 0.402286 0.975825 0.143312 0.04835
0 0.575998 0.606398 0.143312 0.151998
6 0.973654 0.019833 0.052693 0.039665
0 0.026347 0.982339 0.052694 0.035321
6 0.191662 0.028518 0.130283 0.057036
6 0.026346 0.024176 0.052693 0.048351
6 0.808337 0.022004 0.138969 0.044007
6 0.597713 0.393602 0.143312 0.151998
6 0.393602 0.026347 0.134626 0.052694
3 0.174292 0.838737 0.156339 0.199768
0 0.801823 0.834394 0.151998 0.165025
0 0.191662 0.98451 0.147655 0.03098
0 0.971483 0.971482 0.057035 0.057037
3 0.604226 0.973654 0.156339 0.052693
