7 0.980429 0.014963 0.039142 0.029925
11 0.291077 0.277252 0.098316 0.119823
1 0.014963 0.983501 0.029926 0.032998
0 0.98811 0.885585 0.023781 0.119823
5 0.433943 0.985037 0.125968 0.029926
6 0.01189 0.131313 0.02378 0.098316
11 0.716603 0.288006 0.101389 0.135185
8 0.283397 0.016498 0.119823 0.032997
2 0.736573 0.985037 0.11675 0.029926
0 0.019571 0.750399 0.039142 0.107534
7 0.021108 0.019571 0.042215 0.039142
0 0.430871 0.880976 0.101389 0.11675
4 0.579882 0.978893 0.11675 0.042214
6 0.983502 0.128242 0.032997 0.110605
8 0.13285 0.579882 0.132112 0.122896
0 0.553766 0.576809 0.101389 0.104461
6 0.864078 0.122097 0.095244 0.104461
6 0.718139 0.12056 0.098316 0.107534
0 0.128242 0.885585 0.104461 0.113678
10 0.427799 0.02418 0.125968 0.048359
6 0.134386 0.123633 0.098316 0.107534
6 0.280324 0.13285 0.095244 0.107534
6 0.424727 0.128242 0.095244 0.110605
6 0.572201 0.426263 0.101389 0.110605
3 0.268035 0.739646 0.107534 0.14133
1 0.985038 0.977357 0.029925 0.045287
0 0.280324 0.893265 0.101389 0.11675
0 0.865614 0.874831 0.110605 0.122896
0 0.716603 0.733501 0.107534 0.11675
3 0.573737 0.902483 0.110605 0.172053
2 0.283397 0.986573 0.119823 0.026853
9 0.579882 0.022643 0.11675 0.045287
