11 0.497478 0.263647 0.128681 0.129485
0 0.601565 0.970889 0.125685 0.058222
4 0.253128 0.861018 0.160214 0.162492
6 0.393876 0.032575 0.112232 0.065149
0 0.233155 0.354879 0.117261 0.117127
6 0.968195 0.563721 0.06361 0.122288
8 0.65043 0.087502 0.132748 0.132211
1 0.03529 0.623031 0.070581 0.162091
0 0.071254 0.368923 0.122288 0.122288
6 0.91239 0.475222 0.111964 0.112232
6 0.486428 0.091421 0.110198 0.110601
6 0.825132 0.397862 0.11373 0.113864
2 0.342217 0.931555 0.15532 0.136891
3 0.609333 0.835055 0.151632 0.150694
0 0.498846 0.750957 0.120255 0.120925
10 0.317965 0.434886 0.14077 0.141173
6 0.570423 0.172311 0.108433 0.108969
0 0.165626 0.605054 0.125418 0.125954
8 0.431854 0.967245 0.158851 0.06551
9 0.823045 0.237191 0.139005 0.139541
0 0.510241 0.910411 0.127183 0.127585
2 0.082078 0.707865 0.157085 0.158828
