7 0.98844 0.069358 0.023121 0.093168
11 0.345376 0.280538 0.095376 0.080745
11 0.74711 0.28675 0.095376 0.093168
0 0.995665 0.690476 0.008671 0.076604
1 0.050578 0.804348 0.101157 0.113872
5 0.479768 0.806418 0.115607 0.113872
2 0.764451 0.801243 0.106936 0.103519
4 0.618497 0.804347 0.115607 0.118012
6 0.049133 0.184265 0.098266 0.066253
8 0.341041 0.083851 0.115607 0.076604
6 0.99133 0.182195 0.017341 0.074534
7 0.056359 0.078675 0.112717 0.086957
0 0.056358 0.600414 0.106936 0.074534
0 0.478323 0.689441 0.095376 0.078675
6 0.74711 0.177019 0.095376 0.072464
6 0.885838 0.175983 0.089595 0.070394
6 0.197976 0.182195 0.089595 0.070394
0 0.333815 0.693582 0.095376 0.082816
0 0.193642 0.693582 0.098266 0.078675
0 0.744219 0.591097 0.101157 0.080745
3 0.466763 0.385094 0.118497 0.070394
6 0.33815 0.184265 0.086705 0.070394
6 0.612716 0.383023 0.098266 0.074534
0 0.59393 0.484472 0.095376 0.070394
10 0.471098 0.080745 0.109826 0.091097
1 0.907515 0.799172 0.109826 0.115942
8 0.059248 0.380953 0.118497 0.074534
3 0.614162 0.702899 0.106936 0.118012
9 0.614162 0.074534 0.112717 0.095238
0 0.888729 0.6853 0.106936 0.082816
2 0.343931 0.809524 0.104046 0.10766
