3 0.830331 0.897728 0.111111 0.097108
2 0.693694 0.886363 0.12012 0.099174
5 0.382883 0.884298 0.129129 0.107438
4 0.527027 0.894628 0.129129 0.103306
0 0.965466 0.786157 0.069069 0.072314
0 0.833333 0.786157 0.111111 0.068182
0 0.687688 0.788223 0.114114 0.080579
0 0.533033 0.77686 0.111111 0.078512
0 0.24024 0.77686 0.114114 0.07438
6 0.226727 0.267562 0.117117 0.076446
6 0.382883 0.463843 0.111111 0.080578
6 0.542042 0.267562 0.105106 0.080578
6 0.681681 0.266529 0.108108 0.07438
6 0.833333 0.265496 0.105106 0.080578
7 0.957958 0.143595 0.084084 0.109504
7 0.012012 0.145661 0.024025 0.105372
8 0.241742 0.157025 0.123123 0.095041
8 0.674175 0.146695 0.123123 0.099174
11 0.851352 0.142562 0.117117 0.107438
9 0.53904 0.144628 0.123124 0.111571
10 0.388889 0.144628 0.129129 0.111571
11 0.376877 0.575414 0.117117 0.088843
6 0.965466 0.240703 0.069068 0.076446
6 0.094594 0.257231 0.105106 0.072314
2 0.689189 0.568182 0.135135 0.099174
0 0.088589 0.777893 0.117117 0.084711
3 0.244745 0.67562 0.117117 0.086777
1 0.959459 0.888429 0.081082 0.099174
