0 0.546858 0.441313 0.101193 0.09745
0 0.937689 0.588148 0.107351 0.105479
0 0.674285 0.518245 0.095095 0.10071
0 0.787589 0.50237 0.09745 0.101193
0 0.086185 0.522288 0.104031 0.100287
1 0.302381 0.952872 0.117314 0.094256
0 0.461655 0.564302 0.095518 0.091774
6 0.658895 0.407296 0.094612 0.098356
6 0.520357 0.324055 0.09745 0.101193
6 0.746604 0.266614 0.096967 0.098839
6 0.847053 0.12823 0.104996 0.104996
11 0.385686 0.211801 0.103668 0.120515
7 0.240236 0.112801 0.120211 0.135186
9 0.470558 0.073598 0.122203 0.147197
6 0.044955 0.283031 0.08991 0.106869
2 0.405394 0.337814 0.105056 0.116288
4 0.767704 0.872075 0.117374 0.132349
6 0.179571 0.385351 0.101676 0.099805
