0 0.519155 0.462732 0.105046 0.106034
1 0.066603 0.950752 0.112887 0.098496
0 0.918729 0.734336 0.106401 0.106302
0 0.642671 0.573116 0.097425 0.106134
0 0.76648 0.586286 0.098781 0.106294
0 0.402694 0.574577 0.092955 0.082943
0 0.048169 0.448919 0.091223 0.096987
6 0.768959 0.307724 0.095587 0.115389
7 0.043392 0.057263 0.086785 0.114526
1 0.653867 0.966112 0.104517 0.067775
6 0.646405 0.44899 0.079042 0.092739
6 0.90864 0.164372 0.126875 0.109505
2 0.164918 0.579509 0.101025 0.104966
7 0.645748 0.045088 0.114013 0.090175
4 0.792197 0.966671 0.124866 0.066658
11 0.141956 0.050163 0.108335 0.100326
6 0.038717 0.182524 0.077434 0.105801
8 0.282626 0.582067 0.100343 0.110014
6 0.516648 0.330814 0.100659 0.101847
6 0.17179 0.190473 0.088624 0.103922
9 0.391082 0.05602 0.107319 0.112041
