1 0.058894 0.929087 0.112981 0.122596
1 0.914663 0.930288 0.122596 0.115385
0 0.06851 0.788462 0.098558 0.086538
0 0.194712 0.801683 0.091346 0.088942
0 0.31851 0.802885 0.09375 0.086538
0 0.550481 0.686298 0.091346 0.088942
0 0.670673 0.8125 0.091346 0.091346
0 0.788462 0.813702 0.091346 0.088942
0 0.917067 0.814904 0.09375 0.091346
3 0.421875 0.436298 0.088942 0.108173
3 0.786058 0.942308 0.091346 0.115384
11 0.313702 0.302885 0.09375 0.115385
11 0.800481 0.063702 0.100962 0.122596
2 0.067308 0.084135 0.110577 0.125
2 0.311298 0.194712 0.103365 0.110577
8 0.3125 0.076923 0.096154 0.120192
8 0.66226 0.069712 0.103365 0.115385
7 0.914663 0.0625 0.117788 0.120192
5 0.43149 0.93149 0.098558 0.127404
4 0.539663 0.939904 0.103365 0.120192
9 0.436298 0.069712 0.098558 0.134615
10 0.436298 0.197115 0.098558 0.125
6 0.913462 0.18149 0.091346 0.09375
6 0.789663 0.209135 0.09375 0.100962
6 0.671875 0.207933 0.084135 0.088942
6 0.555288 0.205529 0.086538 0.09375
6 0.195913 0.314904 0.084135 0.081731
6 0.073317 0.205529 0.103365 0.088942
