7 0.805392 0.028444 0.133784 0.056889
0 0.961576 0.694785 0.076849 0.109908
0 0.673667 0.516795 0.103477 0.108762
8 0.209051 0.504553 0.118674 0.108102
6 0.040451 0.316624 0.080901 0.096517
7 0.035448 0.197558 0.070896 0.127881
6 0.826411 0.120427 0.107 0.105238
6 0.151708 0.285959 0.091847 0.097133
10 0.627583 0.787991 0.12079 0.152503
6 0.645007 0.405021 0.094182 0.097706
6 0.703293 0.143207 0.096517 0.098279
6 0.264342 0.2608 0.091847 0.097133
4 0.926814 0.461081 0.146371 0.130129
9 0.459275 0.081793 0.122111 0.122111
2 0.239915 0.645489 0.107 0.105238
0 0.849724 0.719878 0.109864 0.116912
