1 0.060096 0.070913 0.115385 0.112981
1 0.91226 0.072115 0.127404 0.115385
0 0.067308 0.21274 0.091346 0.084135
0 0.191106 0.197115 0.084135 0.091346
0 0.316106 0.195913 0.098558 0.088942
0 0.552885 0.308894 0.096154 0.084135
0 0.668269 0.188702 0.086538 0.084135
0 0.788462 0.185096 0.086538 0.091346
0 0.91226 0.182692 0.09375 0.091346
3 0.425481 0.432692 0.091346 0.120192
3 0.788462 0.055288 0.096154 0.110576
11 0.802885 0.935096 0.091346 0.125
2 0.067308 0.917067 0.115385 0.117788
8 0.313702 0.93149 0.09375 0.122596
8 0.663462 0.930288 0.096154 0.125
7 0.91226 0.932692 0.127404 0.129808
5 0.427885 0.072115 0.100962 0.115385
4 0.544471 0.060096 0.103365 0.120192
9 0.429087 0.930288 0.09375 0.134615
6 0.072115 0.794471 0.096154 0.09375
6 0.199519 0.683894 0.086538 0.079327
6 0.554087 0.794471 0.084135 0.088942
6 0.669471 0.792067 0.084135 0.088942
6 0.789663 0.794471 0.088942 0.09375
6 0.91226 0.81851 0.088942 0.088942
