7 0.956642 0.060843 0.086715 0.114802
11 0.388341 0.278521 0.114498 0.140879
6 0.055484 0.115153 0.110968 0.115283
7 0.062744 0.017159 0.125487 0.034319
6 0.964375 0.18624 0.07125 0.10172
8 0.505543 0.165779 0.13308 0.101981
6 0.227541 0.123049 0.111718 0.109903
6 0.864134 0.171795 0.097153 0.090929
6 0.74578 0.159998 0.09991 0.103431
3 0.933771 0.676187 0.132459 0.113269
0 0.25029 0.580834 0.12904 0.10979
6 0.368403 0.138309 0.111388 0.110792
2 0.228384 0.403229 0.127833 0.110965
1 0.267752 0.869445 0.151544 0.165338
0 0.428865 0.852689 0.116376 0.12927
0 0.803489 0.691145 0.097276 0.111635
2 0.446506 0.956193 0.123247 0.087613
10 0.58362 0.949207 0.127037 0.101586
9 0.6157 0.047093 0.118763 0.094187
4 0.83057 0.835812 0.116831 0.168608
0 0.935566 0.807558 0.113357 0.119137
