1 0.863301 0.960865 0.124134 0.07827
0 0.051916 0.739236 0.103832 0.094215
0 0.171116 0.752734 0.089788 0.089788
1 0.046615 0.856508 0.09323 0.11802
0 0.866272 0.84153 0.097267 0.093191
0 0.415765 0.663979 0.09285 0.094888
3 0.724949 0.948421 0.098312 0.103159
0 0.628659 0.813514 0.089788 0.089788
0 0.284823 0.764189 0.09285 0.094888
6 0.951989 0.268585 0.096021 0.102368
0 0.733703 0.817655 0.087749 0.091826
0 0.550441 0.57159 0.092167 0.090129
6 0.489466 0.201003 0.088773 0.098964
6 0.264605 0.168746 0.086394 0.098622
8 0.400486 0.057227 0.104426 0.114454
6 0.137478 0.140794 0.09523 0.09523
6 0.372365 0.179347 0.09047 0.094547
6 0.581002 0.341628 0.093191 0.097267
7 0.153702 0.040159 0.124827 0.080319
6 0.824974 0.249134 0.088773 0.098964
11 0.859898 0.115722 0.097297 0.142137
8 0.743132 0.100185 0.104426 0.126846
6 0.720613 0.240233 0.08537 0.091485
2 0.609554 0.929768 0.09796 0.114265
3 0.157441 0.881909 0.095249 0.127859
2 0.271667 0.881296 0.097278 0.109507
4 0.496006 0.93412 0.09797 0.13058
11 0.274203 0.052769 0.102057 0.105538
7 0.958485 0.133638 0.083029 0.128894
5 0.39047 0.899554 0.117337 0.119375
10 0.50807 0.071321 0.10817 0.136705
9 0.619228 0.083624 0.106132 0.138743
