11 0.201923 0.081731 0.076923 0.105769
11 0.793269 0.081731 0.081731 0.110577
7 0.915865 0.078125 0.100962 0.108173
0 0.918269 0.800481 0.086538 0.091346
1 0.084135 0.933894 0.096154 0.132212
5 0.44351 0.930288 0.088942 0.125
6 0.08774 0.211538 0.079327 0.076923
8 0.330529 0.090144 0.09375 0.088942
7 0.084135 0.08774 0.110577 0.098558
0 0.098558 0.802885 0.086538 0.096154
6 0.783654 0.200721 0.076923 0.084135
6 0.907452 0.209135 0.088942 0.086538
10 0.439904 0.08774 0.091346 0.09375
0 0.210337 0.805288 0.079327 0.086538
6 0.21274 0.207933 0.074519 0.084135
6 0.328125 0.211538 0.074519 0.081731
6 0.441106 0.206731 0.074519 0.086538
2 0.68149 0.927885 0.088942 0.120192
6 0.669471 0.205529 0.079327 0.084135
6 0.557692 0.209135 0.072115 0.081731
0 0.445913 0.798077 0.079327 0.091346
4 0.561298 0.930288 0.088942 0.129808
8 0.673077 0.085337 0.096154 0.09375
0 0.674279 0.798077 0.079327 0.091346
1 0.921875 0.927885 0.103365 0.134615
0 0.328125 0.807692 0.079327 0.091346
0 0.78726 0.795673 0.088942 0.096154
3 0.31851 0.6875 0.084135 0.105769
9 0.557692 0.08774 0.096154 0.098558
0 0.551683 0.795673 0.084135 0.096154
3 0.795673 0.938702 0.086538 0.112981
2 0.334135 0.9375 0.086538 0.125
