7 0.06851 0.064904 0.112981 0.120192
7 0.929087 0.073317 0.122596 0.127404
6 0.674279 0.211538 0.088942 0.091346
6 0.788462 0.21274 0.091346 0.098558
6 0.913462 0.210337 0.100962 0.088942
1 0.914663 0.936298 0.117788 0.117788
1 0.067308 0.939904 0.120192 0.120192
0 0.664663 0.808894 0.079327 0.084135
0 0.78125 0.805288 0.086538 0.081731
0 0.908654 0.808894 0.091346 0.079327
2 0.319712 0.938702 0.091346 0.122596
2 0.674279 0.933894 0.098558 0.108173
8 0.308894 0.088942 0.09375 0.105769
8 0.675481 0.080529 0.096154 0.117788
