1 0.051853 0.953987 0.103706 0.092026
0 0.049968 0.834363 0.099936 0.099142
0 0.432072 0.826351 0.10738 0.101231
1 0.947186 0.960567 0.105629 0.078866
0 0.186454 0.822697 0.101439 0.11167
0 0.946941 0.827274 0.106119 0.106775
0 0.307538 0.83161 0.098056 0.105196
0 0.700241 0.834862 0.11016 0.100859
0 0.818117 0.814222 0.103165 0.099001
3 0.811496 0.953938 0.101257 0.092123
6 0.984574 0.137214 0.030852 0.122738
6 0.218851 0.10467 0.100994 0.129277
6 0.492934 0.117985 0.106005 0.109463
0 0.593372 0.564552 0.103728 0.113506
8 0.372093 0.013454 0.113108 0.026908
6 0.068751 0.087589 0.11607 0.111444
6 0.878761 0.127785 0.092905 0.110543
6 0.350482 0.106266 0.100211 0.107785
11 0.921832 0.027163 0.118444 0.054326
6 0.763838 0.134257 0.10386 0.128383
2 0.311016 0.951103 0.098944 0.097794
8 0.777704 0.018536 0.119663 0.037073
3 0.183613 0.953295 0.095237 0.093409
2 0.686494 0.954196 0.105618 0.091608
6 0.609498 0.282391 0.110006 0.114894
4 0.565243 0.959162 0.093667 0.081677
7 0.992018 0.022996 0.015963 0.045992
10 0.50187 0.016858 0.128551 0.033716
11 0.214673 0.010822 0.121185 0.021645
5 0.442273 0.946607 0.1126 0.106786
9 0.632828 0.022078 0.118987 0.044157
