0 0.532373 0.471849 0.050671 0.047857
1 0.257199 0.744209 0.063339 0.063339
0 0.739986 0.602047 0.052079 0.046449
0 0.661867 0.534485 0.047857 0.049264
0 0.260717 0.464811 0.050671 0.047857
0 0.596417 0.53167 0.046449 0.049264
0 0.469738 0.532373 0.046449 0.045041
6 0.668202 0.393731 0.046449 0.049264
6 0.602751 0.465515 0.045041 0.049264
7 0.257902 0.247346 0.064747 0.068969
6 0.336725 0.327576 0.045041 0.052079
6 0.742098 0.32828 0.050671 0.053487
9 0.530966 0.248753 0.053487 0.08023
11 0.327576 0.24805 0.057709 0.064747
4 0.609085 0.742801 0.057709 0.068969
2 0.604158 0.252272 0.050671 0.067562
6 0.532373 0.40288 0.047857 0.047857
6 0.260717 0.324761 0.050671 0.049264
