7 0.809702 0.179317 0.082089 0.085389
11 0.36194 0.374763 0.059701 0.074004
5 0.447761 0.854839 0.074627 0.104365
1 0.166045 0.852941 0.074627 0.104365
11 0.623134 0.381404 0.063433 0.083491
0 0.813433 0.748577 0.067164 0.074004
6 0.169776 0.28463 0.063433 0.060721
4 0.537313 0.851992 0.074627 0.110057
2 0.632463 0.854839 0.078359 0.104365
0 0.17444 0.666035 0.06903 0.068311
7 0.166978 0.187856 0.087687 0.079697
6 0.80597 0.282733 0.067164 0.068311
8 0.358209 0.188804 0.074627 0.070208
6 0.709888 0.276091 0.057836 0.066414
0 0.264925 0.750475 0.063433 0.070209
0 0.521455 0.558823 0.061567 0.066414
6 0.35541 0.285578 0.057836 0.066414
10 0.442164 0.191651 0.070895 0.087287
6 0.621269 0.277989 0.059701 0.066414
0 0.446828 0.749526 0.061567 0.072106
6 0.265858 0.282733 0.057836 0.064516
6 0.530784 0.466793 0.061567 0.068311
0 0.61847 0.658444 0.065299 0.072106
6 0.443097 0.282733 0.057836 0.068311
0 0.356343 0.75332 0.063433 0.072106
1 0.816231 0.850095 0.080224 0.106262
0 0.712687 0.74573 0.067164 0.075901
3 0.347948 0.660342 0.065299 0.083491
8 0.172575 0.463947 0.083955 0.070209
3 0.532649 0.759013 0.065299 0.106261
2 0.357276 0.851992 0.065299 0.091082
9 0.536381 0.184061 0.076493 0.087287
