6 0.951094 0.236154 0.097812 0.115887
0 0.536815 0.493551 0.114608 0.099414
0 0.936597 0.921382 0.111886 0.123481
1 0.0215 0.961839 0.043 0.076322
0 0.407498 0.603748 0.093509 0.116705
0 0.771854 0.903756 0.105918 0.116651
0 0.033395 0.713584 0.066789 0.097523
0 0.126923 0.868416 0.093867 0.119899
0 0.658522 0.622219 0.100924 0.106193
6 0.813423 0.216475 0.110087 0.10076
6 0.420027 0.484634 0.115116 0.102773
8 0.323731 0.066738 0.101033 0.133476
6 0.55112 0.366112 0.099762 0.098181
6 0.676544 0.491649 0.097544 0.108125
6 0.059038 0.185078 0.113697 0.102525
7 0.065309 0.064049 0.127509 0.128098
5 0.249208 0.87618 0.106542 0.134425
2 0.248203 0.973927 0.113481 0.052145
11 0.286075 0.325359 0.111961 0.108204
11 0.16862 0.325801 0.121599 0.10619
3 0.388579 0.902046 0.105902 0.134706
3 0.514315 0.90589 0.113361 0.132001
10 0.437764 0.067528 0.117471 0.135057
9 0.830656 0.072314 0.124363 0.144629
2 0.403675 0.737424 0.104427 0.111068
8 0.562236 0.21939 0.104741 0.119017
6 0.189631 0.205227 0.085577 0.102566
7 0.704003 0.070512 0.109423 0.141024
