0 0.081731 0.801683 0.091346 0.088942
7 0.086538 0.075721 0.105769 0.108173
11 0.66226 0.330529 0.084135 0.103365
4 0.4375 0.930288 0.091346 0.139423
6 0.911058 0.211538 0.081731 0.076923
0 0.796875 0.574519 0.088942 0.086538
2 0.314904 0.930288 0.091346 0.125
7 0.914663 0.088942 0.112981 0.100962
6 0.091346 0.209135 0.086538 0.086538
1 0.790865 0.936298 0.100962 0.127404
8 0.669471 0.097356 0.098558 0.088942
0 0.903846 0.694712 0.086538 0.086538
6 0.78726 0.209135 0.074519 0.081731
6 0.213942 0.200721 0.076923 0.079327
6 0.330529 0.205529 0.079327 0.084135
0 0.331731 0.682692 0.081731 0.091346
6 0.670673 0.211538 0.072115 0.081731
10 0.68149 0.576923 0.088942 0.100962
0 0.671875 0.804087 0.084135 0.09375
3 0.441106 0.816106 0.084135 0.137019
9 0.441106 0.085337 0.098558 0.108173
0 0.21274 0.795673 0.088942 0.096154
2 0.665865 0.936298 0.091346 0.127404
8 0.201923 0.920673 0.100962 0.129808
