0 0.444712 0.450721 0.086538 0.079327
1 0.91226 0.917067 0.108173 0.103365
0 0.090144 0.674279 0.088942 0.088942
0 0.221154 0.560096 0.081731 0.086538
0 0.332933 0.552885 0.079327 0.081731
0 0.90625 0.438702 0.086538 0.079327
0 0.550481 0.552885 0.076923 0.076923
0 0.783654 0.435096 0.081731 0.081731
8 0.668269 0.669471 0.091346 0.09375
6 0.21274 0.320913 0.079327 0.084135
1 0.330529 0.921875 0.088942 0.098558
7 0.911058 0.064904 0.110577 0.125
6 0.086538 0.206731 0.086538 0.091346
6 0.324519 0.441106 0.076923 0.084135
7 0.316106 0.06851 0.09375 0.117788
3 0.682692 0.5625 0.100962 0.076923
11 0.794471 0.06851 0.098558 0.108173
6 0.442308 0.334135 0.081731 0.086538
4 0.205529 0.914663 0.103365 0.117788
6 0.907452 0.195913 0.084135 0.084135
2 0.786058 0.800481 0.096154 0.091346
9 0.552885 0.070913 0.091346 0.137019
6 0.780048 0.210337 0.088942 0.084135
8 0.55649 0.207933 0.088942 0.103365
