7 0.742254 0.01542 0.139102 0.03084
0 0.969707 0.636826 0.060587 0.119964
11 0.284134 0.397756 0.121958 0.128959
4 0.818774 0.840896 0.147334 0.165538
6 0.032691 0.375247 0.065382 0.100826
7 0.018793 0.260695 0.037586 0.136598
6 0.779641 0.083585 0.111519 0.111519
6 0.12967 0.328865 0.100826 0.103626
6 0.661694 0.121671 0.106724 0.103923
6 0.55374 0.16241 0.103924 0.106724
0 0.253202 0.676637 0.106173 0.107573
3 0.847011 0.55147 0.148649 0.133246
6 0.239321 0.292624 0.100826 0.103626
1 0.333002 0.898316 0.133798 0.145
8 0.353194 0.25736 0.119964 0.118563
0 0.448955 0.848135 0.110416 0.118818
0 0.723484 0.612216 0.105621 0.111222
10 0.460494 0.579141 0.127305 0.132906
2 0.201727 0.547042 0.116866 0.115465
9 0.410246 0.091948 0.131803 0.134604
2 0.497162 0.942569 0.127645 0.114863
0 0.875126 0.677034 0.12111 0.126711
