11 0.362724 0.304223 0.073661 0.074856
7 0.899554 0.106526 0.098214 0.086372
0 0.902902 0.682342 0.082589 0.071017
1 0.131696 0.787908 0.089286 0.105567
6 0.133928 0.213051 0.075893 0.06142
0 0.242188 0.502879 0.082589 0.069098
4 0.577009 0.786948 0.091518 0.111324
7 0.130581 0.115163 0.104911 0.080615
2 0.686384 0.786948 0.087054 0.103647
0 0.140625 0.598849 0.080357 0.069098
6 0.895089 0.211133 0.080357 0.069098
6 0.78125 0.206334 0.071429 0.06334
8 0.359375 0.116123 0.084821 0.071017
6 0.248884 0.211133 0.069196 0.065259
6 0.674107 0.207294 0.071428 0.065259
0 0.674107 0.591171 0.075893 0.072936
1 0.797991 0.788867 0.100446 0.095969
6 0.356027 0.213051 0.069196 0.065259
10 0.347099 0.504798 0.087054 0.084453
2 0.363839 0.788867 0.080357 0.099808
3 0.569196 0.691939 0.075893 0.101728
0 0.357143 0.686181 0.075893 0.074856
8 0.453125 0.493282 0.080357 0.076776
0 0.783483 0.676583 0.084821 0.074856
9 0.570312 0.114203 0.091518 0.082533
