11 0.462301 0.263218 0.118379 0.122156
0 0.675645 0.960273 0.123608 0.079454
0 0.214797 0.395475 0.122252 0.121622
6 0.323894 0.04239 0.11223 0.08478
4 0.30995 0.891263 0.156046 0.168007
7 0.389376 0.000121 0.150238 0.000242
6 0.969692 0.489577 0.060615 0.121622
0 0.058413 0.433052 0.116825 0.120267
2 0.409521 0.941176 0.147283 0.117649
8 0.592175 0.066641 0.125593 0.124963
6 0.902658 0.415477 0.114216 0.112957
0 0.535932 0.745764 0.119008 0.121526
6 0.806694 0.3514 0.111601 0.11223
6 0.428477 0.097487 0.110971 0.11286
1 0.505437 0.973663 0.160453 0.052675
6 0.521415 0.163865 0.108986 0.111504
6 0.415899 0.508064 0.110971 0.11286
10 0.306743 0.461175 0.130386 0.133534
8 0.358541 0.180718 0.124867 0.122349
3 0.37209 0.78961 0.139343 0.151304
0 0.185536 0.657848 0.119008 0.121526
5 0.280145 0.723911 0.142054 0.155274
9 0.784781 0.193803 0.135082 0.138859
2 0.117973 0.767442 0.153239 0.160793
