1 0.695913 0.066106 0.103365 0.127404
1 0.086538 0.929087 0.125 0.117788
0 0.932692 0.78726 0.096154 0.088942
0 0.80649 0.561298 0.09375 0.098558
0 0.682692 0.802885 0.096154 0.100962
0 0.460337 0.688702 0.084135 0.09375
0 0.331731 0.813702 0.100962 0.09375
0 0.211538 0.813702 0.091346 0.09375
0 0.08774 0.804087 0.103365 0.084135
3 0.575721 0.569712 0.09375 0.120192
11 0.198317 0.066106 0.103365 0.127404
8 0.211538 0.194712 0.105769 0.110577
7 0.086538 0.069712 0.125 0.134615
5 0.939904 0.069712 0.115385 0.134615
4 0.461538 0.939904 0.105769 0.120192
9 0.572115 0.44351 0.100962 0.108173
6 0.93149 0.324519 0.09375 0.086538
6 0.802885 0.450721 0.091346 0.088942
6 0.444712 0.205529 0.086538 0.098558
6 0.206731 0.450721 0.086538 0.084135
6 0.08774 0.18149 0.09375 0.09375
