7 0.820466 0.196309 0.082585 0.07047
0 0.822262 0.698826 0.068222 0.065436
11 0.385997 0.366611 0.068222 0.072147
4 0.642729 0.787751 0.078994 0.095637
6 0.202872 0.285235 0.061041 0.053691
7 0.20018 0.198825 0.084381 0.072147
6 0.815081 0.283557 0.064632 0.060402
6 0.29623 0.283557 0.057451 0.057047
6 0.722621 0.279362 0.062837 0.055369
6 0.636445 0.279362 0.059246 0.058725
0 0.290844 0.541107 0.061041 0.058725
3 0.738779 0.605705 0.091562 0.067114
6 0.382406 0.286913 0.057451 0.057047
1 0.288151 0.705537 0.073609 0.082214
8 0.471274 0.291946 0.070018 0.063758
0 0.382406 0.701342 0.061041 0.067114
0 0.636445 0.614933 0.059246 0.06208
10 0.4614 0.528523 0.071813 0.073825
2 0.289049 0.443792 0.068223 0.06208
9 0.554758 0.197986 0.075404 0.073825
2 0.385997 0.787751 0.064632 0.092282
0 0.725315 0.694631 0.068222 0.07047
