0 0.555288 0.448317 0.086538 0.079327
1 0.087740 0.917067 0.108173 0.103365
0 0.909856 0.675481 0.088942 0.086538
0 0.216346 0.435096 0.081731 0.081731
0 0.667067 0.552885 0.079327 0.081731
0 0.778846 0.560096 0.081731 0.086538
0 0.093750 0.438702 0.086538 0.079327
0 0.449519 0.555288 0.081731 0.081731
6 0.675481 0.441106 0.076923 0.084135
6 0.555288 0.336538 0.081731 0.081731
6 0.324519 0.557692 0.076923 0.076923
1 0.671875 0.923077 0.088942 0.100962
6 0.787260 0.322115 0.079327 0.086538
3 0.318510 0.676683 0.098558 0.084135
6 0.913462 0.205529 0.086538 0.088942
7 0.088942 0.064904 0.110577 0.125000
7 0.681490 0.068510 0.093750 0.117788
4 0.794471 0.915865 0.103365 0.120192
11 0.205529 0.068510 0.098558 0.108173
8 0.563702 0.204327 0.088942 0.096154
6 0.090144 0.195913 0.084135 0.084135
8 0.443510 0.205529 0.088942 0.098558
9 0.445913 0.070913 0.093750 0.137019
3 0.439904 0.794471 0.100962 0.079327
2 0.211538 0.802885 0.096154 0.096154
6 0.222356 0.209135 0.084135 0.086538
