1 0.074346 0.911495 0.148691 0.17701
0 0.918931 0.700666 0.130809 0.131647
0 0.247834 0.716837 0.129526 0.129039
0 0.410432 0.703919 0.130591 0.119528
0 0.994171 0.685182 0.011658 0.125604
0 0.067454 0.718108 0.134908 0.120893
6 0.715334 0.109287 0.110074 0.108829
6 0.852549 0.011811 0.106016 0.023623
6 0.561261 0.231378 0.110183 0.113906
4 0.771105 0.907698 0.13148 0.184604
2 0.426112 0.881152 0.134189 0.159389
0 0.579443 0.377477 0.127434 0.112856
6 0.961429 0.015118 0.077142 0.030235
11 0.553718 0.00347 0.138566 0.006939
0 0.723561 0.24401 0.127705 0.105932
3 0.599318 0.716579 0.144735 0.146511
5 0.607587 0.895692 0.162807 0.192774
2 0.580692 0.514266 0.131724 0.133432
6 0.405388 0.212798 0.120686 0.124778
