1 0.383887 0.003629 0.157454 0.007259
0 0.072014 0.664316 0.144028 0.153581
0 0.273913 0.684188 0.214546 0.159789
0 0.521703 0.682786 0.210617 0.154327
0 0.85569 0.527829 0.230094 0.121162
3 0.702745 0.249861 0.205393 0.116231
11 0.796914 0.014308 0.180497 0.028615
8 0.664129 0.007071 0.175577 0.014142
7 0.905727 0.017105 0.188546 0.034209
5 0.315228 0.13546 0.183584 0.095982
4 0.953041 0.896181 0.093919 0.207638
6 0.025675 0.128054 0.051351 0.086218
6 0.170849 0.2437 0.16532 0.086534
6 0.581023 0.058549 0.14884 0.069455
6 0.950661 0.063602 0.098677 0.074115
6 0.966038 0.262711 0.067925 0.099768
