0 0.600974 0.515837 0.087591 0.072398
1 0.127738 0.952489 0.109489 0.095023
0 0.958638 0.728507 0.082725 0.081448
0 0.714111 0.613123 0.080292 0.076923
0 0.82725 0.618778 0.082725 0.079186
0 0.493917 0.61086 0.077859 0.076923
8 0.380779 0.170815 0.090024 0.110859
0 0.135036 0.505656 0.085159 0.074661
0 0.257907 0.5 0.082725 0.076923
6 0.725061 0.507919 0.077859 0.079186
6 0.8382 0.392534 0.080292 0.079186
7 0.128953 0.153846 0.111922 0.117647
6 0.603406 0.40724 0.082725 0.076923
1 0.720195 0.955882 0.087591 0.088236
3 0.603406 0.84276 0.087591 0.097285
8 0.611922 0.283937 0.080292 0.097285
7 0.729927 0.158371 0.097324 0.113122
6 0.961071 0.287331 0.077858 0.085973
11 0.253042 0.158371 0.092457 0.117647
2 0.367396 0.614254 0.082725 0.08371
4 0.844282 0.947964 0.10219 0.104072
6 0.265207 0.286199 0.077859 0.08371
9 0.491485 0.158371 0.092457 0.126696
2 0.253042 0.846154 0.092457 0.095023
6 0.490268 0.514706 0.080292 0.074661
6 0.13017 0.274887 0.085159 0.079186
3 0.234793 0.728507 0.119221 0.076923
