1 0.067724 0.945395 0.118216 0.101122
0 0.065698 0.822885 0.104231 0.092947
0 0.194095 0.818283 0.092758 0.089494
1 0.932751 0.925465 0.133447 0.109764
0 0.925954 0.781071 0.101844 0.081644
0 0.670499 0.796589 0.089326 0.097341
3 0.787234 0.930258 0.087428 0.139483
0 0.780328 0.777387 0.074388 0.087498
0 0.433774 0.680796 0.096657 0.099617
0 0.3124 0.802521 0.09163 0.0955
6 0.932326 0.173004 0.097142 0.09787
6 0.215981 0.204636 0.093891 0.099978
8 0.339019 0.062427 0.104025 0.124855
6 0.80456 0.179114 0.087322 0.088729
6 0.088538 0.195114 0.104024 0.08911
6 0.433023 0.443581 0.077497 0.082299
7 0.085645 0.068386 0.124805 0.134757
0 0.551322 0.568663 0.086854 0.08754
6 0.699369 0.1872 0.079183 0.095244
11 0.830991 0.054812 0.094621 0.109625
6 0.564108 0.324486 0.086363 0.097118
6 0.325201 0.194495 0.088201 0.10459
8 0.706229 0.058968 0.100328 0.117936
2 0.316077 0.928295 0.098723 0.117571
2 0.671141 0.919285 0.096768 0.104356
7 0.946329 0.045449 0.107343 0.090898
10 0.451473 0.064055 0.112403 0.12811
3 0.43444 0.809318 0.106193 0.114743
11 0.211848 0.071893 0.098224 0.143786
4 0.548757 0.939772 0.084678 0.120457
5 0.43272 0.925045 0.122377 0.126865
9 0.575422 0.062734 0.101071 0.125468
