11 0.557739 0.409879 0.088452 0.074523
6 0.302211 0.325823 0.083538 0.055459
7 0.300982 0.236568 0.115479 0.074523
8 0.669533 0.334489 0.095823 0.065858
6 0.429975 0.32409 0.078624 0.058926
6 0.985258 0.320624 0.029484 0.058926
0 0.421376 0.589255 0.090909 0.062391
6 0.895577 0.320624 0.081081 0.058926
10 0.659705 0.576256 0.095823 0.074523
6 0.547912 0.326689 0.078624 0.057192
3 0.985258 0.659446 0.029484 0.071057
1 0.418919 0.759099 0.105651 0.086655
0 0.547912 0.755632 0.083538 0.069324
2 0.423833 0.490468 0.100737 0.062391
2 0.552826 0.84662 0.093366 0.091854
0 0.898034 0.668111 0.085996 0.067591
9 0.782555 0.236568 0.100737 0.074523
4 0.906633 0.758232 0.108108 0.102253
0 0.986487 0.747834 0.027026 0.071057
