0 0.982776 0.876948 0.034447 0.111132
7 0.975268 0.018725 0.049464 0.03745
11 0.297259 0.288249 0.105125 0.129153
4 0.578093 0.975267 0.114135 0.049465
6 0.018725 0.139571 0.03745 0.096114
0 0.129059 0.59311 0.111132 0.108128
2 0.731275 0.979773 0.114135 0.040455
7 0.026235 0.024732 0.052469 0.049465
6 0.978271 0.136569 0.043457 0.108128
1 0.136569 0.982776 0.12615 0.034447
8 0.288249 0.026234 0.123147 0.052468
0 0.024732 0.74329 0.049465 0.108128
6 0.141073 0.136569 0.09311 0.102122
6 0.857425 0.126056 0.096114 0.099118
6 0.711751 0.132063 0.099118 0.105125
0 0.710249 0.728271 0.102122 0.114135
6 0.286747 0.139571 0.090107 0.102122
10 0.273231 0.596114 0.111132 0.12615
0 0.285245 0.879952 0.105125 0.117139
3 0.573587 0.89497 0.105125 0.171203
9 0.573587 0.024733 0.123147 0.049465
0 0.858927 0.869439 0.111132 0.120143
2 0.292754 0.982776 0.114135 0.034447
8 0.872443 0.972264 0.12615 0.055472
