0 0.555288 0.450721 0.086538 0.079327
1 0.088942 0.917067 0.110577 0.103365
0 0.909856 0.675481 0.088942 0.086538
0 0.667067 0.552885 0.079327 0.081731
0 0.778846 0.560096 0.081731 0.086538
0 0.448317 0.555288 0.079327 0.076923
0 0.09375 0.438702 0.086538 0.079327
6 0.675481 0.441106 0.081731 0.084135
6 0.78726 0.320913 0.079327 0.084135
1 0.671875 0.921875 0.088942 0.098558
6 0.913462 0.205529 0.086538 0.088942
6 0.557692 0.332933 0.081731 0.084135
7 0.088942 0.064904 0.110577 0.125
7 0.68149 0.06851 0.09375 0.117788
4 0.794471 0.915865 0.103365 0.120192
3 0.317308 0.561298 0.096154 0.088942
11 0.205529 0.06851 0.098558 0.108173
8 0.215144 0.432692 0.088942 0.091346
2 0.205529 0.555288 0.088942 0.086538
6 0.221154 0.205529 0.076923 0.088942
6 0.090144 0.194712 0.088942 0.091346
9 0.448317 0.075721 0.098558 0.132212
