1 0.197881 0.132073 0.132969 0.149921
1 0.967305 0.805488 0.065389 0.14859
0 0.157641 0.892323 0.120636 0.11216
0 0.279986 0.870538 0.108405 0.106709
0 0.401614 0.841476 0.10903 0.10903
0 0.599341 0.6699 0.111795 0.10332
0 0.741412 0.753587 0.114298 0.112603
0 0.860498 0.728946 0.113229 0.11662
0 0.959744 0.697876 0.080512 0.108144
3 0.534568 0.429682 0.111899 0.13563
11 0.679479 0.038118 0.126007 0.076236
8 0.698722 0.12898 0.131536 0.136621
7 0.786243 0.025289 0.149216 0.050577
5 0.022876 0.197824 0.045753 0.162516
4 0.656929 0.915791 0.12752 0.137691
9 0.040087 0.325476 0.080173 0.162516
6 0.048274 0.442593 0.096549 0.108587
6 0.19357 0.531587 0.104389 0.107779
6 0.475245 0.200442 0.11555 0.117245
6 0.816373 0.089786 0.120818 0.120818
6 0.774656 0.373657 0.106083 0.106083
