1 0.046697 0.944942 0.093394 0.110115
0 0.043789 0.817459 0.087578 0.11459
0 0.166134 0.818081 0.119583 0.105239
0 0.546437 0.446757 0.100232 0.093755
6 0.931303 0.200329 0.086938 0.094358
0 0.919657 0.832037 0.101458 0.105351
0 0.772743 0.814177 0.088636 0.103534
1 0.936727 0.961963 0.126545 0.076073
0 0.431175 0.549989 0.090024 0.089444
0 0.659815 0.830138 0.092026 0.102878
6 0.200406 0.173047 0.091843 0.094456
6 0.55536 0.326802 0.085513 0.096867
6 0.799067 0.184987 0.085353 0.103305
6 0.693491 0.196057 0.084438 0.100975
6 0.433599 0.436561 0.088131 0.101388
8 0.337386 0.048628 0.094819 0.097256
6 0.070916 0.161582 0.112735 0.089767
2 0.281625 0.94299 0.107539 0.11402
8 0.680891 0.058324 0.113117 0.116648
7 0.072071 0.049521 0.127154 0.099043
11 0.430304 0.186315 0.10513 0.110659
7 0.937335 0.061203 0.125329 0.122407
11 0.306056 0.289006 0.10536 0.109709
5 0.413974 0.942312 0.095277 0.115377
3 0.422951 0.831999 0.09293 0.105284
10 0.445727 0.061289 0.111466 0.122579
3 0.544598 0.831065 0.093425 0.103001
2 0.429504 0.678364 0.096105 0.112831
4 0.538749 0.944852 0.103037 0.110296
9 0.565894 0.06291 0.086948 0.12582
