0 0.457364 0.392562 0.093023 0.090909
1 0.005168 0.92562 0.010336 0.115703
0 0.841086 0.646006 0.095607 0.101928
0 0.574935 0.508265 0.085271 0.096419
0 0.001292 0.377411 0.002584 0.093664
0 0.698966 0.515151 0.09044 0.099173
0 0.342377 0.506888 0.085271 0.088154
6 0.454781 0.256199 0.087856 0.099173
6 0.586564 0.378788 0.082687 0.096419
6 0.706719 0.238292 0.085271 0.096419
11 0.33721 0.095042 0.09044 0.123967
6 0.099483 0.112948 0.085271 0.099173
7 0.204135 0.012396 0.103359 0.024793
4 0.595607 0.920111 0.100775 0.132232
6 0.841086 0.108816 0.095607 0.101928
2 0.330749 0.241046 0.093023 0.112948
6 0.002584 0.096419 0.005168 0.104683
9 0.456073 0.015152 0.100775 0.030303
