0 0.092548 0.800481 0.093750 0.081731
1 0.087740 0.917067 0.108173 0.103365
1 0.927885 0.923077 0.110577 0.105769
0 0.213942 0.796875 0.081731 0.079327
0 0.557692 0.449519 0.081731 0.076923
0 0.449519 0.550481 0.076923 0.081731
0 0.911058 0.786058 0.086538 0.081731
6 0.912260 0.205529 0.084135 0.088942
0 0.775240 0.781250 0.079327 0.081731
0 0.675481 0.792067 0.081731 0.079327
6 0.445913 0.451923 0.079327 0.081731
8 0.337740 0.069712 0.088942 0.115385
6 0.786058 0.204327 0.076923 0.086538
6 0.557692 0.331731 0.081731 0.086538
6 0.093750 0.195913 0.081731 0.084135
6 0.681490 0.211538 0.074519 0.081731
2 0.328125 0.911058 0.084135 0.100962
7 0.090144 0.064904 0.112981 0.125000
7 0.917067 0.069712 0.103365 0.110577
11 0.316106 0.314904 0.093750 0.091346
6 0.219952 0.205529 0.074519 0.088942
10 0.445913 0.073317 0.093750 0.122596
8 0.669471 0.070913 0.088942 0.122596
5 0.448317 0.912260 0.084135 0.122596
3 0.449519 0.800481 0.081731 0.091346
2 0.448317 0.669471 0.084135 0.088942
11 0.204327 0.322115 0.096154 0.091346
3 0.555288 0.796875 0.081731 0.093750
4 0.555288 0.926683 0.086538 0.122596
9 0.557692 0.070913 0.091346 0.132212
