11 0.709375 0.2390625 0.0828125 0.08046875
8 0.60390625 0.240625 0.07109375 0.084375
8 0.33671875 0.2421875 0.0734375 0.08671875
6 0.4328125 0.4484375 0.07265625 0.05546875
6 0.515625 0.31328125 0.07109375 0.0671875
6 0.60234375 0.31484375 0.06328125 0.06328125
6 0.70390625 0.3109375 0.07265625 0.06328125
6 0.7875 0.3109375 0.07265625 0.06640625
6 0.3296875 0.31875 0.07109375 0.065625
6 0.234375 0.32265625 0.07109375 0.0625
6 0.14140625 0.32421875 0.084375 0.065625
4 0.525 0.7671875 0.08046875 0.06328125
9 0.52109375 0.2265625 0.06171875 0.10234375
0 0.52109375 0.52578125 0.06875 0.05
0 0.6296875 0.6734375 0.07109375 0.05859375
0 0.73671875 0.67109375 0.075 0.0578125
0 0.853125 0.6765625 0.09375 0.05625
0 0.31875 0.68515625 0.07265625 0.05234375
0 0.42890625 0.67890625 0.07109375 0.0515625
0 0.20859375 0.68359375 0.08515625 0.053125
0 0.10078125 0.6828125 0.08515625 0.05234375
1 0.07421875 0.77734375 0.1109375 0.06328125
1 0.875 0.7609375 0.109375 0.0671875
5 0.41640625 0.76328125 0.078125 0.06484375
7 0.1265625 0.24765625 0.0921875 0.08125
7 0.79921875 0.23671875 0.084375 0.07734375
2 0.3078125 0.77421875 0.0921875 0.0671875
2 0.63125 0.765625 0.0890625 0.0703125
10 0.42421875 0.23515625 0.0640625 0.0921875
3 0.73671875 0.76640625 0.1015625 0.078125
3 0.19140625 0.76875 0.1 0.06796875
11 0.24609375 0.24140625 0.0796875 0.08828125
