11 0.201923 0.080529 0.076923 0.108173
7 0.913462 0.079327 0.105769 0.105769
11 0.671875 0.332933 0.079327 0.108173
5 0.445913 0.933894 0.093750 0.132212
1 0.082933 0.932692 0.093750 0.134615
0 0.918269 0.800481 0.086538 0.091346
7 0.084135 0.087740 0.110577 0.098558
6 0.088942 0.211538 0.081731 0.076923
0 0.096154 0.802885 0.086538 0.096154
8 0.330529 0.090144 0.093750 0.088942
0 0.445913 0.798077 0.079327 0.091346
10 0.439904 0.088942 0.091346 0.096154
0 0.542067 0.560096 0.079327 0.081731
0 0.210337 0.802885 0.079327 0.086538
6 0.784856 0.203125 0.074519 0.084135
6 0.328125 0.211538 0.074519 0.081731
6 0.670673 0.203125 0.076923 0.084135
8 0.673077 0.086538 0.096154 0.096154
6 0.907452 0.209135 0.088942 0.086538
2 0.681490 0.927885 0.088942 0.120192
6 0.213942 0.207933 0.076923 0.084135
6 0.441106 0.206731 0.074519 0.086538
0 0.675481 0.798077 0.081731 0.091346
6 0.556490 0.209135 0.074519 0.081731
3 0.319712 0.686298 0.086538 0.108173
0 0.326923 0.804087 0.081731 0.093750
1 0.919471 0.924279 0.103365 0.137019
9 0.560096 0.085337 0.096154 0.108173
0 0.787260 0.793269 0.088942 0.096154
4 0.561298 0.930288 0.088942 0.129808
3 0.795673 0.941106 0.086538 0.112981
2 0.331731 0.936298 0.091346 0.127404
