0 0.509211 0.427472 0.11567 0.114272
0 0.92875 0.377735 0.1236 0.12325
0 0.661145 0.437207 0.113106 0.113456
0 0.751687 0.371382 0.116488 0.116838
0 0.490789 0.572528 0.11124 0.11194
8 0.1092 0.28015 0.143306 0.147503
0 0.14512 0.709367 0.115322 0.114622
0 0.235544 0.628151 0.114972 0.114972
6 0.599053 0.343633 0.112756 0.113806
6 0.608496 0.177997 0.114622 0.115322
6 0.438314 0.336407 0.114972 0.114972
1 0.897738 0.718859 0.13083 0.132928
3 0.73012 0.695541 0.132345 0.134793
8 0.362229 0.229423 0.126748 0.130246
7 0.368581 0.06466 0.150419 0.129319
6 0.635953 0.037197 0.124766 0.074394
11 0.038888 0.349472 0.077777 0.154616
2 0.39605 0.654152 0.119519 0.120568
4 0.955631 0.63502 0.088737 0.155083
6 0.097892 0.447301 0.115787 0.117536
9 0.185749 0.200916 0.155783 0.162078
2 0.463743 0.916625 0.134561 0.13596
6 0.423566 0.495511 0.11159 0.11159
6 0.022973 0.522105 0.045946 0.118353
3 0.370925 0.830981 0.142956 0.137709
