7 0.99317 0.118267 0.013661 0.105386
11 0.39071 0.359485 0.087432 0.091335
0 1.0 0.820843 0.0 0.086651
5 0.515027 0.943794 0.106557 0.112413
11 0.771858 0.36534 0.090164 0.103044
1 0.103826 0.946136 0.120218 0.107729
6 0.109289 0.247073 0.092896 0.077283
4 0.65164 0.940281 0.112022 0.119438
2 0.785519 0.943794 0.106557 0.112413
0 0.118853 0.71897 0.101093 0.084309
0 0.515027 0.819672 0.090164 0.088993
6 0.995902 0.245902 0.008196 0.084309
7 0.105192 0.128805 0.128416 0.098361
8 0.38388 0.129976 0.106557 0.086651
6 0.90164 0.241218 0.087432 0.079625
0 0.624317 0.587822 0.090164 0.079626
6 0.770492 0.240047 0.087432 0.081968
0 0.245902 0.823185 0.092896 0.086651
6 0.381148 0.250585 0.084699 0.079626
10 0.508197 0.126463 0.103825 0.093677
6 0.25 0.245902 0.084699 0.079626
0 0.767759 0.709602 0.092896 0.088993
6 0.64071 0.471897 0.090164 0.081968
6 0.509563 0.242389 0.084699 0.086651
1 0.920765 0.946136 0.120218 0.107729
3 0.371585 0.710773 0.09836 0.105386
0 0.382514 0.826697 0.092896 0.088993
8 0.114754 0.470726 0.125683 0.084309
3 0.642076 0.836066 0.09836 0.131147
0 0.904372 0.814988 0.103825 0.093677
9 0.647541 0.127634 0.10929 0.105386
2 0.386612 0.942623 0.112022 0.114754
