0 0.556401 0.450487 0.09125 0.098057
1 0.062793 0.940666 0.125586 0.110272
0 0.665867 0.560414 0.095169 0.102657
0 0.912498 0.675141 0.090001 0.08319
0 0.788702 0.55425 0.0889 0.102437
8 0.32506 0.074486 0.101217 0.131769
0 0.191795 0.43649 0.084614 0.08009
0 0.075147 0.43913 0.097345 0.088456
0 0.437171 0.560191 0.091033 0.093043
11 0.302331 0.565348 0.125192 0.088534
6 0.781401 0.312847 0.088005 0.081975
6 0.550116 0.337188 0.088559 0.08022
6 0.66982 0.437385 0.093534 0.099159
6 0.911865 0.197994 0.087826 0.109656
6 0.440675 0.450221 0.081347 0.097448
7 0.067506 0.062427 0.117724 0.117584
1 0.665195 0.934213 0.108452 0.113461
3 0.55633 0.805413 0.094121 0.117846
8 0.556149 0.194267 0.080708 0.106264
6 0.06778 0.198168 0.10867 0.111507
2 0.18818 0.811597 0.093955 0.114719
11 0.191783 0.063731 0.100148 0.127461
7 0.675053 0.061872 0.107234 0.123744
2 0.435211 0.675544 0.094061 0.104297
4 0.791637 0.920978 0.107322 0.124146
9 0.43795 0.068394 0.096823 0.136788
6 0.204964 0.202693 0.098011 0.100403
3 0.175742 0.680566 0.125603 0.097602
