0 0.544963 0.459924 0.070377 0.064512
1 0.164732 0.839177 0.087971 0.084061
0 0.833313 0.641731 0.072332 0.072332
0 0.72677 0.548873 0.066467 0.070377
0 0.635866 0.543008 0.064512 0.066467
0 0.169619 0.45015 0.070377 0.064512
0 0.458947 0.543008 0.062557 0.062557
0 0.26932 0.447217 0.066467 0.066467
8 0.363156 0.637821 0.074287 0.076242
6 0.733613 0.354358 0.064512 0.068422
1 0.637821 0.843088 0.072332 0.080152
7 0.165709 0.146161 0.089926 0.101656
6 0.836246 0.261501 0.070377 0.074287
6 0.642709 0.452105 0.062557 0.068422
7 0.649551 0.149093 0.076242 0.09579
3 0.351427 0.550828 0.082107 0.062557
11 0.260523 0.149093 0.080152 0.087971
6 0.546918 0.365111 0.066467 0.070377
4 0.739477 0.837222 0.084061 0.09579
6 0.168642 0.252703 0.068422 0.068422
2 0.267365 0.744365 0.078197 0.074287
9 0.456992 0.151047 0.074287 0.11143
6 0.272253 0.264433 0.072332 0.068422
8 0.45406 0.262478 0.072332 0.084061
