0 0.552714 0.448258 0.089603 0.089313
1 0.079146 0.93834 0.125204 0.120914
0 0.921685 0.676631 0.092783 0.084227
0 0.670866 0.547875 0.090451 0.088361
0 0.792255 0.553496 0.112561 0.09246
0 0.450205 0.54709 0.078399 0.094431
8 0.341976 0.078682 0.102963 0.137648
0 0.089627 0.446235 0.089497 0.083073
0 0.212716 0.4404 0.09405 0.091399
6 0.679129 0.434635 0.0815 0.087274
6 0.794721 0.312649 0.07803 0.100415
7 0.086706 0.065208 0.111151 0.130417
6 0.561029 0.331621 0.088619 0.080895
1 0.683 0.93164 0.096384 0.11934
3 0.563287 0.805211 0.090497 0.126977
8 0.570773 0.200524 0.088839 0.120666
7 0.689255 0.056972 0.097894 0.113944
6 0.924065 0.188543 0.102995 0.105553
11 0.209968 0.066652 0.096466 0.1274
2 0.322393 0.552757 0.092865 0.110308
4 0.809544 0.923269 0.115781 0.131065
6 0.224491 0.200974 0.102204 0.105214
9 0.448087 0.067844 0.098968 0.135687
2 0.207417 0.807727 0.095915 0.119544
6 0.445532 0.44943 0.078174 0.086754
6 0.083267 0.190028 0.074976 0.092296
3 0.189218 0.680978 0.129756 0.089486
