11 0.279856 0.402669 0.107804 0.116575
7 0.712154 0.00967 0.140005 0.01934
0 0.971555 0.60925 0.05689 0.11693
1 0.290408 0.99176 0.140717 0.01648
5 0.622495 0.919743 0.13851 0.158556
2 0.835878 0.819661 0.130281 0.147822
6 0.030502 0.398295 0.061004 0.103036
0 0.259261 0.685232 0.115976 0.114723
0 0.568611 0.795073 0.109057 0.115322
7 0.015186 0.285611 0.030372 0.14066
4 0.728084 0.870178 0.137257 0.159808
0 0.207501 0.84116 0.113769 0.113769
6 0.642592 0.114952 0.106496 0.105243
6 0.759718 0.070876 0.113769 0.113769
8 0.183411 0.191643 0.12009 0.12009
0 0.464454 0.847946 0.113172 0.120689
6 0.121544 0.345394 0.10399 0.107749
6 0.538734 0.16246 0.106196 0.108702
10 0.418488 0.475 0.115677 0.118182
0 0.726791 0.603623 0.113471 0.117229
6 0.227786 0.303402 0.100829 0.104588
6 0.527236 0.426688 0.11061 0.11061
1 0.938654 0.776538 0.122693 0.153245
8 0.155634 0.448504 0.121643 0.115378
3 0.677565 0.762384 0.134097 0.156648
0 0.882094 0.656963 0.121998 0.124503
2 0.514674 0.943449 0.123363 0.113102
9 0.39381 0.096778 0.120445 0.129215
