11 0.168233 0.06308 0.08399 0.12616
11 0.802451 0.051936 0.101165 0.103872
7 0.937355 0.037261 0.113185 0.074522
1 0.068098 0.937882 0.101362 0.124235
5 0.42936 0.935703 0.107995 0.128594
6 0.05645 0.204782 0.083161 0.084611
0 0.935077 0.796409 0.09081 0.099558
7 0.054419 0.072216 0.108838 0.116839
4 0.552993 0.934523 0.110668 0.130955
10 0.427238 0.060373 0.106896 0.120746
6 0.785493 0.165982 0.082188 0.09976
6 0.189676 0.188134 0.077037 0.093577
6 0.931563 0.154426 0.106243 0.116235
6 0.302392 0.190151 0.09285 0.10238
6 0.675086 0.166729 0.097885 0.100423
0 0.073409 0.816386 0.104446 0.103584
8 0.297886 0.065669 0.120292 0.09786
6 0.428712 0.184545 0.096891 0.095899
6 0.548149 0.175542 0.082225 0.095247
2 0.680508 0.933588 0.085536 0.128903
1 0.940872 0.927721 0.117369 0.144558
3 0.194555 0.942582 0.085839 0.114835
8 0.669999 0.050065 0.102275 0.10013
0 0.665724 0.791872 0.086473 0.103135
0 0.19828 0.811907 0.082487 0.098584
9 0.549214 0.056865 0.118147 0.11373
0 0.430001 0.805696 0.087916 0.090283
0 0.307377 0.817336 0.089034 0.099881
0 0.794594 0.789842 0.089719 0.101051
3 0.791057 0.938439 0.096179 0.119266
2 0.315119 0.937545 0.083749 0.11931
0 0.542661 0.803499 0.095845 0.105156
