3 0.03343 0.975961 0.066861 0.048077
3 0.751453 0.985577 0.107558 0.028846
2 0.622093 0.980769 0.116279 0.038461
2 0.177326 0.975961 0.116279 0.048077
5 0.321221 0.977163 0.125 0.045673
4 0.460756 0.981971 0.125 0.036057
0 0.909884 0.897837 0.116279 0.088942
0 0.752907 0.897837 0.104651 0.079327
0 0.610465 0.895433 0.110465 0.09375
0 0.460756 0.88702 0.107558 0.091346
0 0.3125 0.883414 0.101745 0.088942
0 0.174419 0.890625 0.098837 0.084135
6 0.172965 0.296875 0.113372 0.088942
6 0.321221 0.296875 0.107558 0.09375
6 0.476744 0.294472 0.098837 0.09375
6 0.610465 0.29327 0.098838 0.086538
6 0.758721 0.292068 0.104651 0.09375
7 0.906976 0.150241 0.139535 0.127404
8 0.178779 0.165866 0.119186 0.110577
8 0.603197 0.159856 0.119186 0.117788
11 0.768896 0.149039 0.113372 0.125
9 0.472383 0.151443 0.119186 0.129808
10 0.331396 0.155048 0.110465 0.137019
