7 0.804556 0.190132 0.077909 0.07791
11 0.380479 0.373397 0.061974 0.072598
0 0.807212 0.72222 0.065515 0.065515
4 0.546923 0.818721 0.069056 0.099157
6 0.197214 0.287519 0.060203 0.056662
0 0.283093 0.554891 0.061974 0.060203
6 0.801015 0.285749 0.063744 0.063744
8 0.375168 0.201641 0.072598 0.065515
7 0.194559 0.196329 0.083222 0.076139
1 0.285749 0.821377 0.074369 0.093846
0 0.202527 0.643425 0.063744 0.063744
6 0.71071 0.280436 0.056662 0.060203
6 0.288404 0.285749 0.054891 0.060203
6 0.624832 0.282207 0.058432 0.060203
2 0.635456 0.817836 0.069056 0.093846
3 0.726646 0.626603 0.084993 0.072598
0 0.624832 0.636342 0.058432 0.067286
10 0.36897 0.555776 0.070827 0.076139
6 0.374282 0.287519 0.05312 0.060203
0 0.371626 0.723991 0.061974 0.069056
8 0.720449 0.812524 0.072598 0.093846
9 0.543381 0.196329 0.069056 0.076139
0 0.71071 0.716908 0.063744 0.069056
2 0.377824 0.821377 0.070827 0.093846
