0 0.467391 0.600516 0.073913 0.087629
0 0.566304 0.706186 0.071739 0.087629
0 0.78587 0.837629 0.080435 0.092783
0 0.158696 0.579897 0.073913 0.087629
0 0.667391 0.71134 0.073913 0.097938
0 0.046739 0.583763 0.076087 0.085052
0 0.368478 0.706186 0.071739 0.082474
8 0.158696 0.708762 0.07826 0.097938
6 0.469565 0.47165 0.073913 0.092783
6 0.572826 0.587629 0.071739 0.092783
6 0.789131 0.333763 0.07826 0.09536
6 0.676087 0.457474 0.073913 0.090207
3 0.251087 0.840207 0.089131 0.092783
7 0.046739 0.18299 0.093478 0.134021
7 0.580435 0.186856 0.082609 0.126288
11 0.148913 0.186856 0.089131 0.115979
6 0.16087 0.333763 0.069565 0.09536
3 0.248913 0.713917 0.093478 0.087629
6 0.047826 0.323453 0.07826 0.090207
9 0.366304 0.193299 0.084783 0.144329
8 0.366304 0.336341 0.080434 0.110824
2 0.154347 0.96134 0.086957 0.077319
