7 0.962588 0.050836 0.074824 0.101673
11 0.355385 0.3143 0.096961 0.1207
1 0.038945 0.998053 0.07789 0.003895
0 0.962652 0.847061 0.074696 0.120026
5 0.456827 0.982217 0.123865 0.035566
6 0.076204 0.185302 0.109078 0.096967
11 0.727148 0.322483 0.089503 0.117099
8 0.363408 0.049944 0.116757 0.099888
2 0.730045 0.9698 0.107861 0.060399
0 0.048082 0.781494 0.096165 0.124398
7 0.086225 0.048613 0.155387 0.097226
0 0.463783 0.88333 0.098423 0.129627
4 0.591746 0.972386 0.118246 0.055228
6 0.967581 0.180491 0.064838 0.105771
8 0.194674 0.601602 0.135903 0.136171
0 0.583989 0.578688 0.090657 0.118854
6 0.847892 0.173126 0.092126 0.086991
6 0.731672 0.17125 0.088928 0.087719
0 0.171054 0.900484 0.119476 0.149109
10 0.490954 0.0519 0.112705 0.1038
6 0.228806 0.178187 0.088518 0.102019
6 0.353721 0.185623 0.089728 0.107653
6 0.48546 0.178385 0.099153 0.09681
6 0.603712 0.44284 0.103146 0.111633
3 0.310934 0.747625 0.114365 0.142588
1 0.966779 0.953258 0.066442 0.093484
0 0.322043 0.90354 0.10349 0.135973
0 0.848041 0.847042 0.095257 0.121911
0 0.718669 0.725039 0.104263 0.123768
3 0.588796 0.893602 0.105 0.183181
2 0.317759 0.990439 0.130498 0.019123
9 0.618361 0.058225 0.100112 0.11645
