0 0.552885 0.449519 0.086538 0.076923
1 0.085337 0.914663 0.108173 0.103365
0 0.909856 0.675481 0.088942 0.086538
0 0.664663 0.552885 0.079327 0.081731
0 0.776442 0.558894 0.081731 0.084135
0 0.447115 0.550481 0.076923 0.081731
8 0.335337 0.082933 0.088942 0.117788
0 0.092548 0.438702 0.084135 0.079327
0 0.213942 0.432692 0.081731 0.081731
6 0.675481 0.441106 0.076923 0.084135
6 0.78726 0.31851 0.079327 0.084135
7 0.086538 0.064904 0.110577 0.125
6 0.555288 0.334135 0.081731 0.081731
1 0.670673 0.920673 0.086538 0.100962
3 0.555288 0.796875 0.086538 0.103365
8 0.563702 0.203125 0.079327 0.103365
7 0.680288 0.069712 0.096154 0.120192
6 0.913462 0.206731 0.086538 0.091346
11 0.209135 0.069712 0.091346 0.125
2 0.322115 0.554087 0.081731 0.088942
4 0.793269 0.91226 0.100962 0.117788
6 0.221154 0.205529 0.076923 0.088942
9 0.444712 0.069712 0.091346 0.134615
2 0.209135 0.800481 0.091346 0.100962
6 0.44351 0.448317 0.079327 0.079327
6 0.08774 0.19351 0.084135 0.084135
3 0.191106 0.675481 0.117788 0.081731
