11 0.142242 0.414077 0.094828 0.071298
7 0.831897 0.225777 0.123563 0.082267
0 0.837643 0.774223 0.106321 0.067642
0 0.020115 0.603291 0.04023 0.065813
4 0.41523 0.873857 0.112069 0.106033
2 0.560345 0.874771 0.114943 0.096892
8 0.136494 0.234918 0.117816 0.067641
6 0.681035 0.319927 0.091954 0.062157
6 0.827586 0.325412 0.103448 0.065813
0 0.54023 0.687386 0.097701 0.06947
6 0.543103 0.321755 0.091954 0.062157
6 0.021552 0.324498 0.043103 0.063986
0 0.270115 0.588665 0.097701 0.062157
6 0.135058 0.327239 0.086206 0.062157
6 0.403736 0.501828 0.100575 0.063986
8 0.020115 0.406764 0.04023 0.063986
1 0.70115 0.870201 0.109195 0.102376
10 0.126436 0.606033 0.103448 0.082267
3 0.406609 0.784278 0.094828 0.09872
0 0.133621 0.77788 0.100575 0.071298
5 0.272989 0.785192 0.109195 0.096892
0 0.683909 0.771481 0.109195 0.073126
9 0.413793 0.233089 0.114943 0.07861
2 0.142242 0.878428 0.106321 0.096892
