0 0.602996 0.576419 0.127341 0.069869
0 0.434456 0.670306 0.11985 0.074236
0 0.940075 0.877729 0.119849 0.078602
0 0.063671 0.894105 0.127341 0.07642
0 0.773407 0.672489 0.123596 0.074236
6 0.951311 0.354803 0.097378 0.07642
6 0.42884 0.579694 0.123596 0.07642
8 0.262172 0.233625 0.134831 0.104804
6 0.602996 0.473799 0.127341 0.074236
6 0.790263 0.570961 0.11985 0.07642
1 0.782771 0.980349 0.134831 0.039301
5 0.235956 0.890829 0.134831 0.091703
2 0.247191 0.975983 0.134831 0.048035
11 0.230337 0.456332 0.146067 0.082969
11 0.067416 0.460699 0.134832 0.082969
3 0.432584 0.89738 0.131087 0.082969
3 0.599252 0.894105 0.127341 0.085153
10 0.430712 0.234716 0.149813 0.111354
9 0.947565 0.232533 0.10487 0.120088
2 0.432584 0.777292 0.131087 0.078602
8 0.616105 0.356987 0.123596 0.08952
6 0.078652 0.356987 0.112359 0.080786
7 0.797752 0.232533 0.142322 0.111354
4 0.949438 0.974891 0.101123 0.050218
