11 0.165094 0.373175 0.089623 0.074818
7 0.727595 0.179744 0.101415 0.082117
4 0.384434 0.828467 0.089622 0.09854
0 0.732311 0.729927 0.087264 0.065693
0 0.040094 0.556569 0.080189 0.065693
6 0.724057 0.281022 0.084905 0.065693
8 0.15684 0.194343 0.096698 0.067518
6 0.603774 0.27646 0.080189 0.060219
6 0.041273 0.281022 0.073113 0.062044
2 0.501179 0.826643 0.087264 0.091241
6 0.489387 0.279197 0.07783 0.062044
6 0.15566 0.282846 0.070754 0.062044
3 0.62382 0.630474 0.120283 0.074818
0 0.489387 0.642336 0.07783 0.069343
0 0.154481 0.733576 0.082548 0.072993
2 0.162735 0.830292 0.089622 0.09489
1 0.040094 0.737226 0.080189 0.087592
0 0.603774 0.725365 0.089623 0.074818
8 0.615566 0.821168 0.09434 0.091241
9 0.380896 0.187044 0.096698 0.078467
