6 0.5703125 0.38984375 0.0734375 0.05078125
6 0.66796875 0.30390625 0.0796875 0.059375
6 0.55859375 0.53828125 0.0640625 0.05
6 0.646875 0.6078125 0.07265625 0.05625
6 0.7375 0.82265625 0.084375 0.07109375
6 0.7484375 0.76015625 0.08203125 0.065625
6 0.759375 0.465625 0.0828125 0.059375
4 0.13828125 0.77578125 0.1015625 0.09296875
9 0.8734375 0.6265625 0.1203125 0.07578125
0 0.2546875 0.3 0.075 0.05625
0 0.36796875 0.45234375 0.07578125 0.05625
0 0.25 0.4578125 0.078125 0.05234375
0 0.5546875 0.61796875 0.07109375 0.05390625
0 0.25546875 0.68359375 0.075 0.06015625
0 0.25703125 0.7609375 0.0796875 0.06796875
0 0.25234375 0.8390625 0.07109375 0.07265625
1 0.12578125 0.2875 0.10625 0.06484375
1 0.13984375 0.69296875 0.09921875 0.07265625
5 0.140625 0.5328125 0.10859375 0.0609375
7 0.8890625 0.303125 0.11796875 0.0625
7 0.84140625 0.8375 0.1 0.08671875
2 0.359375 0.3828125 0.07265625 0.05546875
2 0.128125 0.45390625 0.1046875 0.05
8 0.875 0.4734375 0.1109375 0.05390625
10 0.8765625 0.54375 0.1234375 0.0609375
11 0.67421875 0.4625 0.09609375 0.05859375
