11 0.238253 0.226534 0.140639 0.156267
6 0.046853 0.046854 0.093706 0.093708
6 0.951193 0.040994 0.097613 0.081987
6 0.777373 0.042947 0.125013 0.085894
8 0.419913 0.06248 0.15236 0.124961
0 0.044901 0.62306 0.089801 0.12892
10 0.40038 0.59962 0.144546 0.1758
3 0.947286 0.783233 0.105428 0.167986
6 0.222627 0.05076 0.125013 0.10152
1 0.048807 0.9551 0.097614 0.0898
0 0.775419 0.794952 0.136734 0.144546
2 0.050761 0.40038 0.101521 0.144546
0 0.94924 0.953146 0.10152 0.093707
0 0.222627 0.959006 0.132827 0.081988
2 0.593759 0.796906 0.148453 0.171893
4 0.796906 0.94924 0.171893 0.10152
