1 0.001842 0.640158 0.003684 0.144656
0 0.029081 0.540823 0.058163 0.115368
0 0.292039 0.715099 0.107038 0.107831
0 0.100971 0.603631 0.107038 0.107832
0 0.698934 0.949994 0.116492 0.100011
0 0.196736 0.656687 0.1116 0.113187
6 0.609419 0.220274 0.110806 0.11398
0 0.493916 0.838832 0.109088 0.109088
3 0.51927 0.970853 0.130442 0.058294
0 0.589979 0.882203 0.108294 0.109881
0 0.517949 0.585716 0.111137 0.110344
6 0.808387 0.346453 0.109551 0.111931
6 0.973134 0.464367 0.053733 0.119798
6 0.415112 0.102591 0.110013 0.114773
6 0.703697 0.278057 0.110806 0.11398
6 0.509853 0.155019 0.107501 0.110675
6 0.311909 0.042832 0.112394 0.085665
6 0.897773 0.398419 0.112063 0.116029
11 0.956539 0.290786 0.086921 0.156226
8 0.585652 0.061411 0.132822 0.122822
2 0.138655 0.760652 0.124493 0.130046
2 0.430314 0.935978 0.125748 0.128045
8 0.882666 0.229862 0.134078 0.143599
3 0.049378 0.715562 0.098755 0.140623
4 0.32764 0.896218 0.128393 0.142673
11 0.478052 0.031197 0.13831 0.062394
10 0.67788 0.108575 0.141946 0.15226
5 0.24113 0.82346 0.134542 0.146442
9 0.771365 0.163053 0.146971 0.160458
