7 0.767081 0.107247 0.101449 0.115942
0 0.76501 0.959421 0.076604 0.081159
7 0.05176 0.113043 0.099379 0.12174
6 0.05176 0.260869 0.070394 0.092754
6 0.757764 0.257971 0.074534 0.104347
10 0.26501 0.949275 0.078675 0.10145
6 0.652174 0.249275 0.066252 0.098551
6 0.15942 0.257971 0.066253 0.098551
6 0.552795 0.253623 0.066253 0.10145
6 0.261905 0.268116 0.072464 0.107246
0 0.55176 0.836232 0.072464 0.107246
2 0.152174 0.534783 0.080745 0.107246
4 0.564182 0.952174 0.089027 0.095652
2 0.15528 0.695652 0.078675 0.110145
8 0.363354 0.275363 0.076604 0.104347
0 0.654245 0.953623 0.074534 0.092754
9 0.458592 0.110144 0.084886 0.127536
3 0.463768 0.956522 0.091097 0.086957
