1 0.048712 0.931672 0.097423 0.136655
1 0.933005 0.939752 0.131946 0.115682
0 0.051481 0.781404 0.102962 0.08722
0 0.170686 0.798103 0.101616 0.102023
0 0.310796 0.796762 0.130666 0.103114
0 0.554475 0.679347 0.104375 0.091796
0 0.674996 0.817726 0.107843 0.108336
0 0.806873 0.81495 0.102352 0.091572
0 0.940886 0.822646 0.099891 0.101476
3 0.423892 0.425125 0.11468 0.112248
3 0.799972 0.940441 0.102877 0.119119
11 0.303139 0.295806 0.121344 0.11096
11 0.814326 0.061902 0.106745 0.123804
2 0.065559 0.079338 0.12882 0.139809
2 0.313456 0.186919 0.118852 0.126196
8 0.317965 0.064594 0.111111 0.129188
8 0.672669 0.06353 0.113126 0.122121
7 0.925498 0.060736 0.130653 0.121472
5 0.426529 0.927771 0.116354 0.144458
4 0.538434 0.937656 0.110636 0.124687
9 0.437298 0.063536 0.104578 0.126392
10 0.44321 0.184454 0.106147 0.137979
6 0.936055 0.174389 0.100782 0.099622
6 0.803459 0.202324 0.100984 0.108418
6 0.682739 0.201516 0.089687 0.092826
6 0.563075 0.194246 0.107711 0.098508
6 0.186346 0.303073 0.085039 0.075778
6 0.068083 0.193432 0.117764 0.081908
