0 0.557692 0.451923 0.086538 0.076923
1 0.092548 0.914663 0.108173 0.103365
0 0.909856 0.675481 0.088942 0.086538
0 0.669471 0.555288 0.079327 0.081731
0 0.778846 0.560096 0.081731 0.086538
0 0.451923 0.555288 0.076923 0.081731
8 0.337740 0.084135 0.088942 0.115385
0 0.096154 0.552885 0.086538 0.081731
6 0.675481 0.441106 0.076923 0.084135
6 0.557692 0.336538 0.081731 0.081731
11 0.204327 0.322115 0.110577 0.091346
6 0.788462 0.320913 0.081731 0.084135
7 0.087740 0.064904 0.108173 0.125000
6 0.447115 0.453125 0.076923 0.079327
1 0.673077 0.921875 0.091346 0.098558
3 0.557692 0.796875 0.086538 0.098558
6 0.912260 0.205529 0.084135 0.088942
11 0.205529 0.068510 0.098558 0.108173
8 0.563702 0.204327 0.079327 0.100962
2 0.448317 0.671875 0.084135 0.088942
6 0.090144 0.199519 0.093750 0.086538
4 0.794471 0.914663 0.103365 0.117788
6 0.223558 0.207933 0.086538 0.088942
7 0.682692 0.069712 0.091346 0.115385
9 0.552885 0.072115 0.086538 0.139423
2 0.212740 0.800481 0.088942 0.100962
3 0.191106 0.674279 0.117788 0.084135
0 0.218750 0.437500 0.081731 0.081731
