1 0.939904 0.929087 0.115385 0.122596
1 0.086538 0.929087 0.125 0.122596
0 0.93149 0.788462 0.088942 0.091346
0 0.80649 0.804087 0.09375 0.088942
0 0.680288 0.802885 0.091346 0.086538
0 0.448317 0.689904 0.084135 0.096154
0 0.331731 0.813702 0.091346 0.09375
0 0.211538 0.813702 0.096154 0.09375
0 0.086538 0.814904 0.100962 0.091346
3 0.448317 0.439904 0.084135 0.120192
11 0.195913 0.064904 0.098558 0.125
2 0.930288 0.084135 0.105769 0.115385
8 0.682692 0.069712 0.096154 0.120192
8 0.322115 0.060096 0.096154 0.115385
7 0.08774 0.066106 0.122596 0.127404
5 0.805288 0.31851 0.115385 0.103365
4 0.456731 0.94351 0.100962 0.11298
9 0.808894 0.069712 0.112981 0.134615
6 0.930288 0.325721 0.091346 0.084135
6 0.798077 0.451923 0.086538 0.086538
6 0.444712 0.206731 0.081731 0.096154
6 0.206731 0.205529 0.086538 0.098558
6 0.08774 0.182692 0.09375 0.091346
