11 0.798077 0.081731 0.076923 0.105769
11 0.206731 0.081731 0.081731 0.110577
7 0.084135 0.078125 0.100962 0.108173
0 0.081731 0.800481 0.086538 0.091346
1 0.915865 0.933894 0.096154 0.132212
5 0.55649 0.930288 0.088942 0.125
6 0.91226 0.211538 0.079327 0.076923
8 0.669471 0.090144 0.09375 0.088942
7 0.915865 0.08774 0.110577 0.098558
0 0.901442 0.802885 0.086538 0.096154
6 0.216346 0.200721 0.076923 0.084135
6 0.092548 0.209135 0.088942 0.086538
10 0.560096 0.08774 0.091346 0.09375
0 0.789663 0.805288 0.079327 0.086538
6 0.78726 0.207933 0.074519 0.084135
6 0.671875 0.211538 0.074519 0.081731
6 0.558894 0.206731 0.074519 0.086538
2 0.31851 0.927885 0.088942 0.120192
6 0.330529 0.205529 0.079327 0.084135
6 0.442308 0.209135 0.072115 0.081731
0 0.554087 0.798077 0.079327 0.091346
4 0.438702 0.930288 0.088942 0.129808
8 0.326923 0.085337 0.096154 0.09375
0 0.325721 0.798077 0.079327 0.091346
1 0.078125 0.927885 0.103365 0.134615
0 0.671875 0.807692 0.079327 0.091346
0 0.21274 0.795673 0.088942 0.096154
3 0.68149 0.6875 0.084135 0.105769
9 0.442308 0.08774 0.096154 0.098558
0 0.448317 0.795673 0.084135 0.096154
3 0.204327 0.938702 0.086538 0.112981
2 0.665865 0.9375 0.086538 0.125
