0 0.537717 0.466382 0.059036 0.054117
1 0.218756 0.784523 0.073796 0.070516
0 0.779604 0.618893 0.060676 0.060676
0 0.613973 0.536078 0.054117 0.055757
0 0.690229 0.540998 0.055757 0.059036
0 0.464742 0.536078 0.054117 0.052477
0 0.222856 0.458182 0.059036 0.054117
6 0.695969 0.377827 0.054117 0.057397
1 0.618073 0.786163 0.062316 0.070516
7 0.218756 0.203177 0.073796 0.085275
6 0.782064 0.299932 0.059036 0.062316
6 0.619713 0.459823 0.052477 0.057397
7 0.624633 0.205638 0.065596 0.080355
2 0.382747 0.618893 0.057397 0.060676
8 0.305671 0.454082 0.060676 0.062316
3 0.375368 0.541818 0.065596 0.060676
11 0.299112 0.205638 0.067236 0.073796
6 0.539357 0.386027 0.055757 0.057397
4 0.700888 0.783703 0.070516 0.081995
6 0.220396 0.293372 0.063956 0.062316
6 0.310591 0.302392 0.060676 0.057397
9 0.462283 0.211377 0.062316 0.095114
