11 0.246899 0.139821 0.081886 0.087248
0 0.847394 0.580537 0.091811 0.082774
0 0.112903 0.370246 0.091811 0.082774
6 0.016129 0.034675 0.032258 0.069351
4 0.483871 0.703579 0.099256 0.127517
6 0.83871 0.035794 0.08933 0.071589
1 0.116626 0.708054 0.094293 0.118568
0 0.022332 0.483222 0.044665 0.080536
2 0.604218 0.700224 0.091811 0.111857
6 0.712159 0.03132 0.079404 0.06264
6 0.591811 0.032439 0.081886 0.064877
6 0.120347 0.034676 0.076923 0.069352
0 0.58933 0.474273 0.086849 0.085011
6 0.239454 0.036913 0.076923 0.073825
1 0.732009 0.704698 0.109181 0.111857
10 0.229529 0.372483 0.091811 0.091723
8 0.346153 0.35906 0.091811 0.091723
0 0.240695 0.588367 0.084367 0.089486
3 0.477667 0.597316 0.086849 0.125279
0 0.714641 0.574944 0.094293 0.089486
2 0.245658 0.705816 0.099256 0.123043
