1 0.001023 0.632434 0.002046 0.145161
0 0.028892 0.534402 0.057785 0.119168
0 0.099604 0.598218 0.111465 0.110716
0 0.575735 0.488132 0.110181 0.108684
0 0.583779 0.882744 0.110716 0.111465
0 0.694754 0.95186 0.116813 0.096281
6 0.973247 0.471214 0.053507 0.120129
6 0.420501 0.101478 0.110502 0.114993
0 0.490719 0.841019 0.108148 0.1074
0 0.259368 0.545602 0.109432 0.109432
6 0.637358 0.390582 0.115316 0.116813
6 0.899112 0.403814 0.1074 0.108148
6 0.42619 0.508819 0.103335 0.105581
8 0.592994 0.061042 0.133502 0.122084
6 0.808138 0.352033 0.107935 0.110929
2 0.135158 0.755735 0.125052 0.130291
6 0.315998 0.043702 0.117348 0.087403
11 0.605442 0.218304 0.125264 0.126761
7 0.383291 0.000168 0.162277 0.000336
6 0.480965 0.43111 0.112749 0.112749
5 0.23549 0.821957 0.135322 0.146549
11 0.442739 0.246317 0.129329 0.129329
10 0.683164 0.111019 0.142702 0.152433
8 0.873079 0.226724 0.136818 0.145052
3 0.296845 0.72708 0.117884 0.120878
3 0.388193 0.780519 0.119167 0.12291
4 0.320151 0.888232 0.138637 0.149865
2 0.367081 0.613644 0.118632 0.120129
9 0.776277 0.168416 0.153721 0.167943
