7 0.924816 0.066798 0.110189 0.116685
11 0.340857 0.324169 0.086017 0.117321
0 0.923969 0.80285 0.087424 0.096451
1 0.081344 0.949298 0.099675 0.101403
5 0.450324 0.942218 0.09383 0.115564
6 0.086232 0.211015 0.084078 0.080023
11 0.679197 0.334247 0.075208 0.102445
0 0.087961 0.831821 0.094489 0.114135
7 0.081344 0.07958 0.119706 0.106291
0 0.45161 0.812612 0.09319 0.105229
4 0.575948 0.938356 0.099483 0.123288
0 0.682103 0.81038 0.08897 0.116409
0 0.552787 0.570195 0.093209 0.101642
8 0.334785 0.085222 0.093038 0.092444
6 0.794145 0.197875 0.083554 0.08353
8 0.685323 0.078015 0.104492 0.114095
0 0.213211 0.833557 0.078677 0.10209
10 0.448193 0.077692 0.10088 0.114852
6 0.916356 0.199468 0.098936 0.101831
6 0.334914 0.209909 0.08226 0.093121
6 0.678815 0.19757 0.067615 0.0995
6 0.218269 0.204946 0.088038 0.089565
2 0.694409 0.934422 0.094328 0.131156
6 0.447674 0.205173 0.081847 0.095331
6 0.564037 0.198212 0.081173 0.081928
1 0.927594 0.929653 0.104996 0.140693
0 0.336125 0.828805 0.089713 0.112045
0 0.798941 0.794967 0.093255 0.111585
3 0.32569 0.70541 0.09203 0.120786
9 0.561829 0.073604 0.106366 0.118068
3 0.803606 0.943654 0.08659 0.112692
2 0.334578 0.946711 0.092063 0.106577
