1 0.304087 0.066106 0.103365 0.127404
1 0.913462 0.929087 0.125 0.117788
0 0.067308 0.78726 0.096154 0.088942
0 0.19351 0.561298 0.09375 0.098558
0 0.317308 0.802885 0.096154 0.100962
0 0.539663 0.688702 0.084135 0.09375
0 0.668269 0.813702 0.100962 0.09375
0 0.788462 0.813702 0.091346 0.09375
0 0.91226 0.804087 0.103365 0.084135
3 0.424279 0.569712 0.09375 0.120192
11 0.801683 0.066106 0.103365 0.127404
8 0.788462 0.194712 0.105769 0.110577
7 0.913462 0.069712 0.125 0.134615
5 0.060096 0.069712 0.115385 0.134615
4 0.538462 0.939904 0.105769 0.120192
9 0.427885 0.44351 0.100962 0.108173
6 0.06851 0.324519 0.09375 0.086538
6 0.197115 0.450721 0.091346 0.088942
6 0.555288 0.205529 0.086538 0.098558
6 0.793269 0.450721 0.086538 0.084135
6 0.91226 0.18149 0.09375 0.09375
