1 0.311298 0.066106 0.098558 0.127404
1 0.914663 0.927885 0.127404 0.120192
0 0.06851 0.78726 0.09375 0.09375
0 0.191106 0.564904 0.09375 0.091346
0 0.316106 0.802885 0.09375 0.091346
0 0.550481 0.691106 0.086538 0.09375
0 0.784856 0.566106 0.088942 0.09375
0 0.667067 0.810096 0.09375 0.086538
0 0.920673 0.816106 0.100962 0.084135
11 0.524038 0.554087 0.086538 0.112981
8 0.663462 0.066106 0.100962 0.127404
7 0.923077 0.067308 0.110577 0.129808
4 0.53726 0.939904 0.112981 0.120192
9 0.808894 0.319712 0.117788 0.110577
6 0.552885 0.206731 0.091346 0.091346
6 0.794471 0.448317 0.084135 0.084135
6 0.911058 0.182692 0.091346 0.091346
