6 0.91226 0.793269 0.084135 0.091346
0 0.908654 0.213942 0.086538 0.081731
6 0.21875 0.794471 0.072115 0.088942
0 0.668269 0.447115 0.076923 0.081731
0 0.557692 0.551683 0.081731 0.079327
0 0.448317 0.447115 0.074519 0.081731
1 0.08774 0.082933 0.108173 0.103365
0 0.78125 0.442308 0.081731 0.091346
0 0.090144 0.326923 0.088942 0.081731
6 0.447115 0.551683 0.076923 0.084135
6 0.09375 0.804087 0.086538 0.084135
6 0.557692 0.668269 0.081731 0.086538
6 0.788462 0.794471 0.076923 0.088942
6 0.675481 0.558894 0.076923 0.084135
0 0.207933 0.455529 0.079327 0.079327
11 0.314904 0.685096 0.096154 0.091346
5 0.322115 0.205529 0.086538 0.108173
2 0.328125 0.090144 0.084135 0.098558
7 0.090144 0.930288 0.117788 0.125
1 0.673077 0.080529 0.091346 0.103365
3 0.557692 0.203125 0.081731 0.098558
3 0.448317 0.201923 0.084135 0.091346
2 0.449519 0.330529 0.081731 0.088942
9 0.794471 0.929087 0.098558 0.137019
11 0.201923 0.679087 0.105769 0.084135
10 0.445913 0.925481 0.09375 0.125
8 0.44351 0.794471 0.084135 0.098558
7 0.68149 0.930288 0.09375 0.120192
8 0.564904 0.790865 0.091346 0.100962
4 0.795673 0.084135 0.105769 0.115385
