0 0.160814 0.969298 0.07024 0.061404
0 0.256932 0.972222 0.07024 0.055555
0 0.352126 0.973685 0.072089 0.052631
0 0.531424 0.864035 0.068392 0.10234
0 0.619223 0.975146 0.07024 0.049708
0 0.714417 0.982456 0.068392 0.035087
0 0.812384 0.979532 0.072089 0.040935
3 0.257855 0.554093 0.072089 0.143274
11 0.448244 0.695907 0.060998 0.140351
11 0.725509 0.102339 0.068392 0.152047
2 0.158965 0.127194 0.088725 0.143274
8 0.348429 0.108188 0.072089 0.140351
8 0.617376 0.106726 0.07024 0.149123
7 0.808688 0.102339 0.090573 0.152047
9 0.438077 0.108188 0.073937 0.163742
6 0.162661 0.274854 0.07024 0.111111
6 0.257855 0.409357 0.068392 0.105263
6 0.532348 0.27193 0.07024 0.111111
6 0.62292 0.277778 0.066543 0.105263
6 0.71719 0.27193 0.066543 0.111111
6 0.808688 0.25 0.068392 0.108187
