1 0.087740 0.917067 0.108173 0.103365
0 0.092548 0.798077 0.093750 0.081731
1 0.926683 0.921875 0.108173 0.103365
0 0.212740 0.794471 0.079327 0.074519
0 0.909856 0.784856 0.084135 0.079327
3 0.787260 0.927885 0.079327 0.120192
0 0.671875 0.792067 0.079327 0.079327
0 0.776442 0.778846 0.076923 0.081731
6 0.912260 0.205529 0.084135 0.088942
0 0.439904 0.674279 0.081731 0.084135
0 0.324519 0.792067 0.081731 0.084135
6 0.092548 0.199519 0.084135 0.086538
8 0.338942 0.073317 0.086538 0.112981
6 0.219952 0.205529 0.074519 0.088942
6 0.681490 0.210337 0.074519 0.084135
7 0.087740 0.069712 0.108173 0.110577
6 0.436298 0.442308 0.074519 0.076923
0 0.560096 0.563702 0.081731 0.079327
6 0.786058 0.207933 0.076923 0.084135
6 0.557692 0.331731 0.081731 0.081731
7 0.917067 0.069712 0.103365 0.110577
2 0.669471 0.911058 0.084135 0.100962
2 0.328125 0.909856 0.084135 0.098558
10 0.445913 0.073317 0.093750 0.122596
3 0.449519 0.796875 0.081731 0.098558
11 0.212740 0.073317 0.084135 0.127404
6 0.328125 0.201923 0.074519 0.081731
8 0.669471 0.073317 0.088942 0.112981
5 0.448317 0.911058 0.103365 0.105769
4 0.555288 0.926683 0.081731 0.117788
11 0.560096 0.198317 0.100962 0.098558
9 0.557692 0.073317 0.096154 0.132212
