0 0.223022 0.961814 0.095923 0.076372
0 0.342925 0.961814 0.081535 0.076372
0 0.995204 0.952268 0.009592 0.081146
0 0.902877 0.943914 0.079137 0.083533
6 0.998801 0.377089 0.002398 0.090692
0 0.685851 0.618138 0.081535 0.076372
6 0.352518 0.375895 0.076739 0.088305
0 0.803358 0.959427 0.076739 0.076372
6 0.567146 0.609785 0.079137 0.083533
6 0.685851 0.50358 0.081535 0.085918
6 0.913669 0.378282 0.076739 0.083533
0 0.44964 0.834129 0.079137 0.078759
0 0.570744 0.725537 0.076739 0.081146
6 0.221822 0.369928 0.083933 0.085918
6 0.810551 0.381861 0.076739 0.081146
8 0.467626 0.24463 0.08633 0.107398
11 0.444844 0.48568 0.093525 0.093079
11 0.567146 0.378282 0.088729 0.093079
7 0.995204 0.241051 0.009593 0.109785
7 0.219424 0.241051 0.11271 0.124105
3 0.577937 0.958234 0.081535 0.083532
8 0.797362 0.24463 0.088729 0.116945
3 0.683453 0.958234 0.081535 0.083532
10 0.575539 0.24463 0.091127 0.121718
2 0.568345 0.828163 0.08633 0.085918
9 0.688249 0.243436 0.08633 0.138425
6 0.456835 0.602625 0.083933 0.078759
