0 0.945621 0.470272 0.108759 0.109719
0 0.77832 0.427536 0.109711 0.109711
0 0.674115 0.474463 0.107562 0.108632
1 0.317586 0.994692 0.147345 0.010617
0 0.527305 0.431155 0.112928 0.109719
0 0.478613 0.572598 0.105405 0.104335
6 0.026876 0.412098 0.053752 0.112938
11 0.42364 0.479156 0.116173 0.119382
6 0.67693 0.212151 0.107562 0.108632
6 0.630411 0.368642 0.110789 0.111859
9 0.357457 0.092785 0.148483 0.167742
6 0.475003 0.326959 0.111867 0.114007
7 0.14906 0.194704 0.139847 0.147337
4 0.851985 0.785945 0.13555 0.14518
6 0.737956 0.056322 0.11832 0.112643
2 0.363797 0.365297 0.119408 0.125828
