7 0.647017 4.3e-05 0.148593 8.5e-05
11 0.273988 0.433672 0.12703 0.132986
0 0.975794 0.548214 0.048412 0.121779
6 0.027072 0.460127 0.054144 0.107764
6 0.704441 0.0506 0.118488 0.1012
7 0.00522 0.354075 0.01044 0.146409
8 0.315144 0.288058 0.127142 0.126291
6 0.105889 0.394604 0.107764 0.109465
6 0.595338 0.100655 0.113977 0.113126
0 0.285337 0.715754 0.120559 0.119708
6 0.495924 0.159227 0.109835 0.110686
10 0.477082 0.581858 0.133243 0.136647
6 0.207133 0.339139 0.106543 0.107394
3 0.851498 0.495186 0.157728 0.148368
1 0.402848 0.919944 0.150069 0.156025
0 0.509141 0.851739 0.119227 0.124333
2 0.217854 0.596481 0.128844 0.124589
2 0.577346 0.939981 0.143375 0.120038
0 0.742653 0.573264 0.120078 0.123482
9 0.341471 0.114908 0.137386 0.139087
4 0.813353 0.676691 0.163123 0.175886
0 0.899233 0.609354 0.124589 0.128844
