11 0.197751 0.184417 0.160013 0.186684
10 0.182195 0.983353 0.182239 0.033293
6 0.021091 0.018869 0.042182 0.037738
6 0.976687 0.014424 0.046627 0.028848
6 0.815583 0.016647 0.142234 0.033293
6 0.184417 0.021091 0.142234 0.042182
0 0.014424 0.640012 0.028848 0.14668
0 0.81336 0.837807 0.15557 0.168903
4 0.833362 0.978909 0.177794 0.042183
8 0.408881 0.038871 0.173348 0.077742
2 0.023314 0.388879 0.046628 0.160013
0 0.976687 0.981131 0.046626 0.037738
3 0.626678 0.985576 0.191127 0.028848
2 0.171082 0.406658 0.160013 0.168903
