0 0.213983 0.80039 0.085156 0.085156
0 0.91087 0.777456 0.085097 0.080348
0 0.554638 0.446444 0.082664 0.077915
6 0.90985 0.201705 0.087647 0.092396
0 0.447735 0.551123 0.077915 0.082664
1 0.091632 0.91968 0.111831 0.104707
0 0.776221 0.775494 0.080378 0.0875
0 0.089899 0.6793 0.089904 0.080407
6 0.442913 0.451414 0.080348 0.085097
6 0.675522 0.20697 0.07557 0.087441
6 0.782412 0.199654 0.077945 0.085068
0 0.665296 0.550871 0.08026 0.077886
6 0.553259 0.333472 0.082723 0.082723
8 0.331311 0.072941 0.087852 0.109222
1 0.675811 0.91976 0.087794 0.104414
7 0.082517 0.074778 0.114499 0.12637
2 0.331955 0.913141 0.087764 0.102011
11 0.31386 0.317163 0.094858 0.092484
11 0.204552 0.323306 0.097262 0.092513
6 0.087634 0.198522 0.087559 0.085185
5 0.450936 0.911688 0.085596 0.12121
3 0.450788 0.801104 0.08284 0.092337
8 0.560072 0.202369 0.080583 0.104326
3 0.556506 0.796207 0.08287 0.094741
10 0.439477 0.07162 0.097644 0.123761
6 0.215176 0.208985 0.073196 0.089816
2 0.447928 0.665311 0.085215 0.089963
7 0.673893 0.073566 0.09055 0.133288
9 0.790397 0.067041 0.107405 0.134082
4 0.798325 0.912253 0.10717 0.116668
