3 0.700302 0.94713 0.111445 0.10574
2 0.009036 0.338369 0.018073 0.120846
5 0.251507 0.933535 0.129518 0.13293
4 0.393072 0.942598 0.129518 0.114803
0 0.856928 0.800604 0.129518 0.108761
0 0.701808 0.805136 0.114458 0.105741
0 0.557229 0.796072 0.114458 0.117825
0 0.405121 0.649547 0.111445 0.114803
0 0.108434 0.78852 0.114458 0.108761
6 0.112952 0.179759 0.11747 0.111782
6 0.251507 0.330816 0.111445 0.117825
6 0.408133 0.05136 0.105422 0.10272
6 0.546686 0.048338 0.105422 0.096677
6 0.700302 0.049849 0.105422 0.099698
11 0.248494 0.493958 0.11747 0.129909
6 0.858434 0.030212 0.114458 0.060423
6 0.004518 0.161632 0.009037 0.105741
2 0.549698 0.481873 0.129518 0.129909
0 0.00753 0.790031 0.015061 0.123867
3 0.112952 0.635951 0.11747 0.129909
1 0.858434 0.938067 0.150602 0.123867
