1 0.057187 0.948024 0.114375 0.103952
0 0.058355 0.823091 0.101617 0.08859
0 0.188634 0.820486 0.085984 0.083378
1 0.951932 0.950629 0.096136 0.098741
0 0.945553 0.808761 0.093801 0.085984
0 0.686299 0.81788 0.085984 0.08859
3 0.810064 0.949327 0.08859 0.101347
0 0.799641 0.802247 0.083378 0.08859
0 0.434861 0.688904 0.08859 0.091195
0 0.309793 0.816577 0.08859 0.091195
6 0.946856 0.180817 0.091195 0.096406
6 0.197753 0.18212 0.083378 0.093801
8 0.325426 0.049371 0.093801 0.098741
6 0.810064 0.180817 0.083378 0.091195
6 0.058355 0.173 0.091195 0.091195
6 0.430952 0.438769 0.080773 0.085984
7 0.057187 0.046765 0.114375 0.09353
0 0.563837 0.570351 0.085984 0.08859
6 0.696721 0.183423 0.080773 0.091195
11 0.827 0.053279 0.085984 0.106558
6 0.563837 0.318912 0.085984 0.091195
6 0.313701 0.176909 0.080773 0.08859
8 0.699327 0.049371 0.096406 0.098741
2 0.315004 0.945418 0.08859 0.109164
2 0.684996 0.945418 0.093801 0.109164
7 0.949327 0.048068 0.101347 0.096136
10 0.441375 0.051976 0.101617 0.103952
3 0.445283 0.821789 0.08859 0.106829
11 0.189936 0.053279 0.093801 0.106558
4 0.558625 0.949327 0.085984 0.101347
5 0.445283 0.944115 0.109434 0.111769
9 0.565139 0.055885 0.093801 0.111769
