6 0.771042 0.192654 0.161363 0.131627
6 0.927093 0.18276 0.145814 0.133426
1 0.928265 0.939511 0.14347 0.120978
0 0.615834 0.909092 0.172111 0.155908
0 0.800969 0.860696 0.14808 0.13253
0 0.949181 0.824975 0.101638 0.140586
2 0.606952 0.971948 0.212413 0.056105
8 0.192178 0.076261 0.20758 0.147703
8 0.801266 0.056303 0.170581 0.112606
3 0.785717 0.950031 0.177551 0.099938
11 0.949578 0.051724 0.100845 0.103448
11 0.049202 0.080848 0.098403 0.161697
10 0.445361 0.066082 0.207986 0.132165
9 0.627159 0.061004 0.210648 0.122007
