7 0.86108 0.046213 0.117736 0.092426
11 0.317351 0.347308 0.087114 0.099744
5 0.498415 0.932905 0.11101 0.13419
11 0.651075 0.313912 0.091477 0.116737
1 0.136469 0.953157 0.108622 0.093686
0 0.949457 0.749444 0.09905 0.101155
6 0.056587 0.260735 0.088091 0.088091
2 0.732852 0.903339 0.102436 0.129802
0 0.135695 0.848057 0.094841 0.105366
4 0.615108 0.920888 0.106799 0.146795
7 0.050988 0.140461 0.101976 0.113527
0 0.478892 0.802647 0.089502 0.100027
0 0.54869 0.553549 0.088655 0.092866
8 0.283588 0.112872 0.103543 0.099332
6 0.871543 0.161981 0.095816 0.093712
10 0.392348 0.101226 0.103131 0.115761
0 0.247754 0.833601 0.089219 0.097639
6 0.634784 0.186336 0.08655 0.09497
8 0.623344 0.069079 0.106777 0.106777
0 0.709118 0.774223 0.092171 0.102696
6 0.74923 0.171597 0.086268 0.092583
6 0.295592 0.234903 0.08388 0.092301
6 0.181634 0.243533 0.086268 0.092583
6 0.406945 0.214479 0.084445 0.097075
6 0.521814 0.203321 0.08388 0.092301
0 0.362623 0.822443 0.089784 0.102414
1 0.953505 0.872104 0.092991 0.148206
0 0.821176 0.759766 0.097227 0.105648
3 0.341634 0.706315 0.096252 0.117302
9 0.509039 0.085012 0.10847 0.1211
3 0.592925 0.804902 0.099074 0.141174
2 0.388885 0.941924 0.10567 0.116153
