7 0.909856 0.078125 0.103365 0.108173
11 0.336538 0.325721 0.076923 0.093750
0 0.918269 0.799279 0.086538 0.088942
1 0.084135 0.932692 0.096154 0.134615
5 0.444712 0.933894 0.091346 0.132212
6 0.088942 0.211538 0.081731 0.076923
11 0.671875 0.334135 0.079327 0.105769
0 0.096154 0.802885 0.086538 0.096154
7 0.085337 0.087740 0.112981 0.103365
0 0.445913 0.798077 0.079327 0.091346
4 0.563702 0.935096 0.088942 0.129808
0 0.673077 0.800481 0.081731 0.100962
0 0.544471 0.562500 0.079327 0.086538
8 0.328125 0.090144 0.088942 0.088942
6 0.784856 0.203125 0.074519 0.084135
8 0.673077 0.085337 0.096154 0.093750
0 0.210337 0.805288 0.079327 0.091346
10 0.439904 0.088942 0.091346 0.100962
6 0.908654 0.209135 0.086538 0.086538
6 0.328125 0.212740 0.074519 0.084135
6 0.670673 0.204327 0.076923 0.086538
6 0.213942 0.207933 0.076923 0.084135
2 0.685096 0.931490 0.091346 0.127404
6 0.441106 0.207933 0.074519 0.088942
6 0.556490 0.205529 0.074519 0.084135
1 0.919471 0.924279 0.103365 0.137019
0 0.325721 0.805288 0.084135 0.091346
0 0.787260 0.793269 0.088942 0.096154
3 0.319712 0.686298 0.086538 0.108173
9 0.556490 0.085337 0.098558 0.108173
3 0.795673 0.938702 0.086538 0.112981
2 0.331731 0.935096 0.086538 0.125000
