1 0.274463 0.038299 0.118995 0.076598
1 0.952016 0.963085 0.095968 0.07383
0 0.144398 0.576102 0.096857 0.096857
0 0.029997 0.830697 0.059994 0.118995
0 0.285532 0.848685 0.107926 0.099624
0 0.555347 0.720003 0.105159 0.102391
0 0.693713 0.85837 0.099624 0.096857
0 0.832081 0.863905 0.099624 0.102391
0 0.957551 0.863905 0.084899 0.107926
3 0.286915 0.273079 0.105159 0.15497
11 0.848685 0.036915 0.110694 0.073831
8 0.830697 0.147165 0.118995 0.130065
7 0.956167 0.038299 0.087666 0.076598
5 0.029997 0.041066 0.059994 0.082133
4 0.549812 0.971387 0.116229 0.057226
9 0.41698 0.436352 0.116229 0.116229
6 0.028613 0.297984 0.057227 0.099624
6 0.154083 0.441886 0.099624 0.099624
6 0.560882 0.161002 0.099624 0.107926
6 0.960318 0.133328 0.079364 0.107926
6 0.838998 0.441886 0.096857 0.099624
