11 0.31279 0.359956 0.106588 0.112488
7 0.835225 0.037277 0.12005 0.074554
4 0.633812 0.913701 0.111832 0.143295
0 0.955236 0.726241 0.089529 0.100235
6 0.046772 0.286969 0.093479 0.089546
0 0.222989 0.6203 0.104571 0.100638
7 0.044386 0.164145 0.088773 0.118891
6 0.854056 0.14469 0.099831 0.099831
8 0.264968 0.12913 0.112084 0.104218
0 0.134752 0.760897 0.100235 0.102201
6 0.73219 0.159336 0.093883 0.091916
6 0.168008 0.261458 0.087176 0.093076
2 0.750712 0.891366 0.107848 0.133412
10 0.144886 0.892066 0.13079 0.146521
6 0.617861 0.182453 0.091916 0.093883
6 0.283345 0.244265 0.084806 0.092672
3 0.83058 0.615642 0.137395 0.117731
0 0.698126 0.654036 0.093529 0.103361
0 0.381786 0.829799 0.099076 0.108908
2 0.411457 0.942354 0.111025 0.115292
1 0.26292 0.854907 0.109411 0.129076
0 0.831412 0.742298 0.106588 0.112488
8 0.864436 0.864694 0.114958 0.134622
9 0.488482 0.081334 0.114504 0.118437
