8 0.113868 0.247153 0.147137 0.151556
10 0.217185 0.169968 0.159492 0.169068
6 0.289028 0.28951 0.119476 0.119476
6 0.39419 0.219699 0.122614 0.126297
6 0.490415 0.162704 0.114131 0.114867
6 0.590599 0.091788 0.134225 0.131279
3 0.461704 0.978065 0.152856 0.043869
2 0.573041 0.943574 0.137734 0.112852
2 0.880421 0.770732 0.137916 0.140862
3 0.956332 0.717884 0.087335 0.146946
0 0.704893 0.730035 0.121323 0.124269
0 0.812178 0.670271 0.122795 0.122795
0 0.91384 0.608389 0.124823 0.124086
0 0.980093 0.53996 0.039813 0.120032
