7 0.975911 0.059307 0.048177 0.118613
0 0.964261 0.845149 0.071479 0.11319
8 0.231665 0.429876 0.13838 0.114483
6 0.082037 0.140907 0.125331 0.107945
7 0.07557 0.036105 0.151139 0.072211
10 0.355267 0.857589 0.113974 0.162862
6 0.972847 0.187689 0.054307 0.132054
6 0.227973 0.15405 0.108257 0.10497
6 0.868688 0.179845 0.084551 0.105617
6 0.746054 0.176991 0.098619 0.111975
6 0.373854 0.157761 0.104957 0.10998
4 0.731126 0.859829 0.117548 0.161507
0 0.734769 0.708118 0.100521 0.109538
0 0.852587 0.835893 0.099109 0.100974
2 0.216655 0.588294 0.112399 0.13098
3 0.615085 0.846333 0.12 0.129315
9 0.642097 0.05044 0.127992 0.100881
