1 0.302442 0.052806 0.105291 0.105611
1 0.915416 0.951314 0.132983 0.097373
0 0.1961 0.56486 0.108656 0.117255
0 0.306226 0.825361 0.101757 0.102602
0 0.058096 0.796072 0.104459 0.102778
0 0.543102 0.701373 0.090507 0.10307
0 0.660151 0.838461 0.100424 0.100825
0 0.786599 0.849054 0.107192 0.099715
0 0.915425 0.852269 0.112693 0.089569
3 0.310385 0.293966 0.098471 0.142645
11 0.812505 0.057899 0.106973 0.115799
8 0.793245 0.181075 0.111412 0.122357
7 0.923596 0.061774 0.120229 0.123547
5 0.05777 0.055631 0.11554 0.111262
4 0.541242 0.949729 0.115986 0.100542
9 0.304785 0.451804 0.100354 0.113036
6 0.068294 0.307917 0.102015 0.096901
6 0.196916 0.440414 0.102484 0.101056
6 0.551852 0.191793 0.103225 0.102744
6 0.803942 0.457063 0.099074 0.110613
6 0.917655 0.177696 0.09547 0.105088
