0 0.447115 0.551683 0.086538 0.079327
1 0.913462 0.085337 0.110577 0.103365
0 0.090144 0.325721 0.088942 0.088942
0 0.335337 0.447115 0.079327 0.081731
0 0.223558 0.441106 0.081731 0.084135
0 0.908654 0.560096 0.086538 0.081731
0 0.554087 0.447115 0.079327 0.076923
6 0.21274 0.68149 0.079327 0.084135
6 0.324519 0.558894 0.076923 0.084135
11 0.555288 0.805288 0.081731 0.110577
7 0.91226 0.930288 0.112981 0.125
6 0.086538 0.793269 0.086538 0.091346
6 0.776442 0.793269 0.081731 0.091346
4 0.31851 0.08774 0.09375 0.112981
6 0.447115 0.665865 0.081731 0.086538
6 0.91226 0.805288 0.09375 0.091346
9 0.445913 0.930288 0.09375 0.134615
2 0.68149 0.564904 0.084135 0.086538
