6 0.52734375 0.26796875 0.06796875 0.071875
6 0.240625 0.3421875 0.08203125 0.07109375
6 0.75078125 0.61796875 0.08203125 0.0609375
6 0.7515625 0.69140625 0.08671875 0.06796875
4 0.08828125 0.63359375 0.134375 0.0578125
9 0.865625 0.61640625 0.11171875 0.059375
0 0.7359375 0.46640625 0.078125 0.06015625
0 0.225 0.55078125 0.08671875 0.05546875
0 0.21796875 0.63046875 0.09375 0.05546875
0 0.3234375 0.71015625 0.08203125 0.059375
1 0.7234375 0.3203125 0.075 0.08203125
1 0.11875 0.55390625 0.10625 0.06796875
7 0.83828125 0.45234375 0.10234375 0.0734375
7 0.2390625 0.21484375 0.0875 0.0796875
2 0.53828125 0.62578125 0.075 0.0578125
11 0.5359375 0.45703125 0.078125 0.06953125
