1 0.290974 0.984848 0.106888 0.030303
0 0.293349 0.892562 0.092637 0.093664
0 0.413302 0.891185 0.08076 0.090909
0 0.752969 0.493113 0.08076 0.088154
0 0.964371 0.869146 0.071259 0.096419
0 0.646081 0.610193 0.076009 0.090909
0 0.866983 0.887052 0.08076 0.093664
6 0.420428 0.213499 0.076009 0.101928
6 0.754157 0.362259 0.078385 0.096419
6 0.970309 0.213499 0.059382 0.096419
6 0.876485 0.220386 0.076009 0.093664
6 0.643705 0.49449 0.07601 0.090909
8 0.536817 0.063361 0.085511 0.126722
6 0.293349 0.206612 0.083135 0.099174
2 0.526128 0.982094 0.083135 0.035813
8 0.864608 0.063361 0.090261 0.126722
7 0.290974 0.064738 0.111639 0.129477
11 0.635392 0.214876 0.087886 0.110193
11 0.515439 0.341598 0.090261 0.104683
5 0.644893 0.977961 0.083135 0.044077
3 0.646081 0.895317 0.08076 0.104683
10 0.643705 0.066116 0.090261 0.132231
3 0.751781 0.891185 0.078385 0.107438
2 0.644893 0.745179 0.083135 0.101928
4 0.751781 0.984848 0.083135 0.030303
9 0.755344 0.071625 0.085511 0.143251
