1 0.695913 0.93149 0.103365 0.127404
1 0.086538 0.070913 0.125 0.117788
0 0.808894 0.433894 0.084135 0.084135
0 0.930288 0.21274 0.096154 0.103365
0 0.686298 0.197115 0.09375 0.086538
0 0.451923 0.308894 0.091346 0.088942
0 0.331731 0.188702 0.086538 0.084135
0 0.211538 0.183894 0.086538 0.088942
0 0.08774 0.183894 0.103365 0.09375
3 0.685096 0.697115 0.091346 0.134615
11 0.197115 0.933894 0.096154 0.127404
8 0.21274 0.80649 0.103365 0.112981
7 0.086538 0.932692 0.110577 0.129808
5 0.939904 0.930288 0.115385 0.134615
4 0.456731 0.057692 0.100962 0.115385
9 0.572115 0.555288 0.100962 0.100962
6 0.93149 0.675481 0.09375 0.086538
6 0.800481 0.550481 0.086538 0.086538
6 0.447115 0.794471 0.086538 0.09375
6 0.086538 0.81851 0.096154 0.09375
6 0.205529 0.550481 0.084135 0.086538
