0 0.916368 0.670944 0.104025 0.102581
1 0.051341 0.937261 0.102682 0.111827
0 0.535606 0.441653 0.106009 0.085329
6 0.193349 0.19006 0.089329 0.101256
0 0.780779 0.547935 0.081772 0.104876
0 0.658028 0.550751 0.091128 0.09335
0 0.431648 0.552315 0.088513 0.092138
0 0.055651 0.548074 0.0911 0.104662
6 0.057384 0.182855 0.096215 0.099293
6 0.918546 0.176123 0.107822 0.099005
6 0.796076 0.298292 0.100367 0.100969
6 0.675523 0.429408 0.099696 0.093999
6 0.547237 0.321833 0.096295 0.102809
1 0.667054 0.936104 0.103185 0.095398
6 0.426487 0.440593 0.08493 0.085084
11 0.173301 0.310025 0.118022 0.114817
2 0.298723 0.92861 0.09444 0.116729
7 0.060048 0.056196 0.120096 0.112392
3 0.542658 0.799002 0.097471 0.107986
5 0.312755 0.055315 0.101956 0.11063
11 0.153804 0.056414 0.136607 0.103509
0 0.182753 0.427045 0.095944 0.089662
8 0.552369 0.180976 0.105295 0.105508
8 0.42831 0.183245 0.099142 0.106149
4 0.794693 0.924799 0.106124 0.143403
2 0.432557 0.673559 0.097902 0.086118
9 0.541641 0.056167 0.106632 0.112334
7 0.678501 0.053826 0.10373 0.107652
3 0.154876 0.679842 0.145902 0.089343
