0 0.021002 0.497542 0.042004 0.120756
0 0.074749 0.579478 0.120756 0.122728
0 0.177891 0.650106 0.131395 0.128766
0 0.437468 0.68817 0.126721 0.123434
0 0.466342 0.852261 0.118735 0.118078
0 0.564152 0.922208 0.122752 0.124067
0 0.665626 0.964561 0.128741 0.070878
3 0.40062 0.514389 0.142813 0.150701
3 0.491845 0.978657 0.14145 0.042685
11 0.96058 0.307375 0.078839 0.154694
8 0.585636 0.057448 0.146149 0.114896
8 0.875439 0.233704 0.149484 0.157372
7 0.997172 0.370297 0.005656 0.178773
5 0.201763 0.815183 0.148121 0.152065
4 0.291891 0.890107 0.152795 0.157396
9 0.680793 0.103149 0.152844 0.164018
6 0.308677 0.041404 0.132077 0.082808
6 0.352889 0.1799 0.116057 0.114085
6 0.708949 0.285573 0.119417 0.120731
6 0.803435 0.351843 0.119417 0.120732
6 0.904593 0.416797 0.126087 0.127402
6 0.979047 0.465124 0.041906 0.123409
