1 0.877358 0.874178 0.09752 0.091159
0 0.138542 0.764999 0.08268 0.07208
0 0.244542 0.761818 0.06996 0.06996
1 0.135362 0.869938 0.09752 0.091159
0 0.862518 0.752279 0.076319 0.07208
0 0.447 0.653699 0.07208 0.0742
3 0.754399 0.876298 0.07208 0.108119
0 0.651579 0.757578 0.06996 0.06996
0 0.345241 0.757578 0.07208 0.0742
6 0.865697 0.241362 0.0742 0.080559
0 0.743798 0.748039 0.06784 0.07208
0 0.553 0.55618 0.07208 0.06996
6 0.45336 0.240302 0.06784 0.078439
6 0.253021 0.240302 0.065719 0.078439
8 0.3569 0.120523 0.078439 0.10176
6 0.138542 0.231821 0.0742 0.0742
6 0.348421 0.236061 0.06996 0.0742
6 0.550879 0.351601 0.07208 0.076319
7 0.136422 0.116282 0.095399 0.110239
6 0.752279 0.240302 0.06784 0.078439
11 0.766059 0.119463 0.06996 0.1166
8 0.662179 0.120523 0.078439 0.10176
6 0.660059 0.245601 0.065719 0.07208
2 0.649459 0.861458 0.0742 0.091159
3 0.248781 0.876298 0.06996 0.103879
2 0.348421 0.861458 0.0742 0.08692
4 0.550879 0.879477 0.07208 0.105999
11 0.244542 0.121582 0.0742 0.1166
7 0.869938 0.120523 0.091159 0.10176
5 0.45442 0.862518 0.091159 0.093279
10 0.45336 0.124762 0.080559 0.110239
9 0.55194 0.121582 0.078439 0.112359
