6 0.7265625 0.32578125 0.0734375 0.0640625
6 0.81328125 0.325 0.075 0.065625
6 0.240625 0.47421875 0.07578125 0.0578125
6 0.3296875 0.7109375 0.078125 0.06328125
4 0.778125 0.7984375 0.10390625 0.071875
9 0.721875 0.2421875 0.07578125 0.1015625
0 0.53671875 0.3984375 0.06796875 0.059375
0 0.646875 0.70546875 0.078125 0.06484375
0 0.75703125 0.70390625 0.08046875 0.06015625
0 0.88203125 0.71015625 0.08984375 0.059375
1 0.34140625 0.33203125 0.08046875 0.078125
1 0.64921875 0.809375 0.08203125 0.07421875
7 0.10703125 0.71484375 0.11640625 0.0609375
7 0.6265625 0.25703125 0.08203125 0.0890625
2 0.74453125 0.4640625 0.0796875 0.0703125
11 0.528125 0.4671875 0.07109375 0.06953125
