7 0.175651 0.2 0.087361 0.116279
7 0.841078 0.205813 0.094796 0.123256
6 0.644052 0.339535 0.068773 0.088372
6 0.732342 0.340698 0.070632 0.095349
6 0.828997 0.340698 0.078067 0.086046
1 0.828067 0.993023 0.091078 0.013954
1 0.171933 0.994186 0.094795 0.011628
0 0.634759 0.917441 0.061338 0.081396
0 0.725836 0.913954 0.065056 0.07907
0 0.825279 0.917441 0.070632 0.076744
2 0.369889 0.993023 0.070632 0.013953
2 0.644052 0.993023 0.076208 0.013954
8 0.359665 0.22093 0.072491 0.102325
8 0.644982 0.213954 0.07435 0.111628
3 0.265799 0.995349 0.07435 0.009302
3 0.732342 0.989535 0.078067 0.020931
11 0.743495 0.206976 0.078067 0.130232
11 0.268587 0.208139 0.079925 0.123256
