11 0.234188 0.238025 0.114901 0.119339
0 0.958525 0.854931 0.082951 0.150987
5 0.306621 0.940814 0.12749 0.118372
8 0.248688 0.012513 0.126239 0.025027
2 0.620615 0.956823 0.151463 0.086355
6 0.007442 0.146912 0.014885 0.098537
4 0.456756 0.939749 0.13489 0.120501
0 0.322388 0.810997 0.108789 0.127429
7 0.022389 0.038325 0.044778 0.076649
6 0.876757 0.034226 0.149606 0.068452
0 0.0581 0.79619 0.100304 0.109512
6 0.696594 0.050709 0.140495 0.101418
0 0.349811 0.384474 0.122014 0.127433
6 0.104966 0.121403 0.084045 0.107724
0 0.183159 0.805763 0.092899 0.130316
8 0.012554 0.403967 0.025109 0.110941
1 0.802214 0.960239 0.174615 0.079522
0 0.6301 0.678337 0.129848 0.113817
6 0.492996 0.368044 0.115639 0.130511
6 0.241377 0.108415 0.097651 0.110304
10 0.381042 0.000732 0.13218 0.001463
3 0.461389 0.833609 0.136542 0.174499
2 0.179321 0.932416 0.101242 0.135169
