0 0.064132 0.818865 0.100288 0.087431
1 0.058988 0.945433 0.115717 0.109133
0 0.193992 0.817579 0.087431 0.084859
0 0.561716 0.445998 0.087431 0.082288
6 0.941012 0.184992 0.090003 0.095145
0 0.937154 0.802151 0.092573 0.084859
0 0.445998 0.554002 0.082288 0.087431
0 0.795721 0.797007 0.082288 0.090003
0 0.687719 0.812436 0.082288 0.084859
6 0.806008 0.183706 0.082288 0.092573
6 0.443427 0.44857 0.082288 0.087431
8 0.32771 0.05071 0.092573 0.101419
6 0.561716 0.319996 0.087431 0.092573
6 0.694147 0.19142 0.079716 0.087431
7 0.945433 0.050709 0.109133 0.101418
2 0.316138 0.939726 0.090003 0.108003
7 0.06156 0.053281 0.12086 0.106562
1 0.683862 0.949291 0.095145 0.101419
10 0.442141 0.054566 0.100288 0.109133
11 0.301995 0.301995 0.097717 0.097717
8 0.68129 0.051995 0.095145 0.10399
5 0.444713 0.939005 0.090003 0.12199
3 0.445998 0.821437 0.087431 0.097717
11 0.186278 0.309709 0.10286 0.097717
3 0.559144 0.817579 0.087431 0.100288
2 0.444713 0.678718 0.090003 0.095145
4 0.815008 0.941576 0.105432 0.116848
6 0.200421 0.184992 0.079716 0.095145
9 0.564287 0.058424 0.092573 0.116847
6 0.06156 0.178563 0.095145 0.092573
