11 0.335337 0.325721 0.079327 0.09375
7 0.91226 0.078125 0.103365 0.108173
0 0.917067 0.799279 0.088942 0.088942
1 0.084135 0.933894 0.096154 0.132212
0 0.205529 0.574519 0.088942 0.086538
6 0.088942 0.211538 0.081731 0.076923
4 0.563702 0.930288 0.09375 0.139423
7 0.085337 0.088942 0.112981 0.100962
2 0.685096 0.93149 0.096154 0.127404
8 0.330529 0.090144 0.098558 0.088942
0 0.094952 0.69351 0.088942 0.084135
6 0.786058 0.201923 0.076923 0.081731
6 0.908654 0.209135 0.086538 0.086538
0 0.668269 0.685096 0.081731 0.091346
6 0.670673 0.204327 0.076923 0.081731
6 0.213942 0.207933 0.076923 0.084135
0 0.442308 0.555288 0.081731 0.081731
6 0.329327 0.211538 0.072115 0.081731
6 0.554087 0.441106 0.084135 0.084135
8 0.201923 0.316106 0.096154 0.084135
1 0.802885 0.925481 0.091346 0.134615
10 0.322115 0.578125 0.086538 0.108173
3 0.55649 0.8125 0.079327 0.129808
0 0.328125 0.804087 0.084135 0.09375
5 0.444712 0.813702 0.091346 0.127404
0 0.788462 0.795673 0.091346 0.096154
9 0.5625 0.08774 0.096154 0.103365
2 0.335337 0.936298 0.088942 0.127404
