11 0.393567 0.387352 0.051274 0.060597
7 0.766471 0.227314 0.066812 0.069919
0 0.769578 0.693444 0.057489 0.057489
1 0.231199 0.780455 0.062151 0.085457
0 0.309664 0.548167 0.057489 0.055935
6 0.234306 0.313548 0.052828 0.049721
4 0.541175 0.778124 0.060597 0.090118
7 0.231975 0.234306 0.073027 0.065259
2 0.61964 0.778901 0.062151 0.08235
8 0.39046 0.235083 0.063705 0.057489
0 0.23819 0.625079 0.057489 0.054382
6 0.684899 0.307333 0.04972 0.052828
6 0.764141 0.311994 0.055935 0.055935
0 0.608764 0.61964 0.052828 0.059043
6 0.610317 0.308887 0.049721 0.052828
6 0.315101 0.311217 0.049721 0.054382
0 0.46271 0.535736 0.052828 0.052828
6 0.389683 0.313548 0.046613 0.052828
6 0.53496 0.461933 0.054382 0.054382
8 0.307333 0.381137 0.062151 0.054382
1 0.695775 0.775017 0.059043 0.087011
10 0.385021 0.550497 0.055935 0.069919
3 0.536513 0.70199 0.051274 0.083904
0 0.388906 0.696552 0.054382 0.060597
5 0.464264 0.702767 0.059043 0.08235
0 0.686452 0.691113 0.059043 0.062151
9 0.540398 0.233529 0.062151 0.066812
2 0.393567 0.782009 0.057489 0.08235
