1 0.635148 0.998872 0.167701 0.002256
0 0.02327 0.524315 0.046539 0.131012
0 0.078916 0.602823 0.126084 0.124419
0 0.185639 0.667913 0.116595 0.117427
0 0.44438 0.689358 0.121955 0.121955
0 0.483931 0.85293 0.126084 0.124419
0 0.585709 0.91927 0.130612 0.12978
0 0.690784 0.956956 0.141731 0.086089
3 0.575178 0.474881 0.13797 0.14879
11 0.954874 0.279752 0.090251 0.152918
8 0.566311 0.056148 0.142931 0.112296
8 0.876124 0.21218 0.145828 0.150822
7 0.995959 0.340331 0.008083 0.173062
5 0.438194 0.251761 0.139668 0.1405
4 0.30471 0.899939 0.146659 0.149989
6 0.220853 0.130452 0.12362 0.120291
6 0.264749 0.300817 0.120723 0.119891
6 0.698999 0.274437 0.123587 0.126916
6 0.902123 0.398459 0.123587 0.126916
6 0.975865 0.438796 0.048269 0.130612
