0 0.535001 0.430202 0.101129 0.088029
0 0.923946 0.654368 0.106641 0.107677
1 0.05773 0.184587 0.11546 0.107353
0 0.783803 0.547366 0.088925 0.097814
0 0.413645 0.540009 0.086119 0.088843
6 0.917721 0.403357 0.10001 0.083212
6 0.787398 0.289204 0.090051 0.104136
6 0.664525 0.41643 0.093182 0.099821
9 0.53665 0.06061 0.106152 0.121219
7 0.293584 0.054205 0.113225 0.10841
6 0.539176 0.304723 0.084035 0.103469
11 0.660087 0.544927 0.104661 0.093419
4 0.662508 0.795464 0.11821 0.109202
2 0.416193 0.298455 0.094655 0.089373
