7 0.988648 0.006579 0.022705 0.013159
11 0.285216 0.275671 0.117733 0.130461
0 0.996603 0.900929 0.006794 0.11455
4 0.738647 0.987057 0.140007 0.025885
7 0.014534 0.011352 0.029068 0.022703
6 0.003397 0.116573 0.006794 0.105005
6 0.99183 0.114982 0.01634 0.11455
6 0.119754 0.114982 0.098641 0.108187
6 0.878655 0.107026 0.108187 0.105005
0 0.1118 0.603414 0.11455 0.117733
6 0.72592 0.110209 0.101823 0.11137
8 0.431587 0.130891 0.117733 0.120915
6 0.272489 0.119754 0.098641 0.11137
1 0.110209 0.912065 0.136824 0.16228
3 0.90411 0.727511 0.165463 0.130461
0 0.724329 0.743421 0.105005 0.117733
9 0.576367 0.009761 0.127279 0.019522
10 0.264533 0.754558 0.127279 0.171827
2 0.108617 0.41886 0.120915 0.117733
2 0.283625 0.995012 0.120915 0.009977
0 0.272489 0.907292 0.11137 0.127279
8 0.894565 0.988648 0.133643 0.022704
0 0.880246 0.894565 0.117733 0.127279
