0 0.35909 0.501848 0.081818 0.060998
0 0.694318 0.673752 0.084091 0.068392
0 0.570454 0.585952 0.077273 0.066543
0 0.464772 0.580407 0.075 0.062847
0 0.259091 0.580407 0.072727 0.05915
0 0.038636 0.489834 0.077273 0.062847
8 0.147727 0.670055 0.086363 0.072089
6 0.578409 0.402033 0.075 0.064695
1 0.467045 0.86414 0.084091 0.075786
6 0.697728 0.314233 0.081818 0.07024
6 0.472728 0.494455 0.072727 0.064695
7 0.480682 0.207949 0.088636 0.090573
3 0.134091 0.5878 0.095455 0.05915
11 0.0375 0.207949 0.075 0.083179
6 0.361363 0.4122 0.077273 0.066543
4 0.585227 0.858595 0.097727 0.090573
2 0.040909 0.770795 0.081818 0.07024
9 0.256818 0.209796 0.086363 0.10536
6 0.042046 0.317006 0.084091 0.064695
8 0.253409 0.315157 0.084091 0.079482
