1 0.350796 0.059513 0.116253 0.119026
1 0.865788 0.952609 0.136751 0.094782
0 0.185849 0.533083 0.092557 0.092557
0 0.047514 0.740166 0.095028 0.11295
0 0.282728 0.781495 0.102372 0.095963
0 0.527606 0.695117 0.100236 0.0981
0 0.63442 0.827341 0.094947 0.092811
0 0.753431 0.844828 0.095455 0.097591
0 0.876535 0.857914 0.112696 0.104151
3 0.336778 0.284423 0.105064 0.143517
11 0.847054 0.100554 0.109083 0.136854
8 0.818049 0.225593 0.114729 0.123274
7 0.947522 0.113438 0.104955 0.14077
5 0.108045 0.049325 0.128968 0.09865
4 0.496271 0.940849 0.112593 0.118302
9 0.434133 0.437399 0.111069 0.111069
6 0.089477 0.27989 0.102372 0.095963
6 0.206539 0.418039 0.095201 0.095201
6 0.583717 0.212769 0.095963 0.102372
6 0.944814 0.226981 0.105525 0.103389
6 0.798157 0.48093 0.092811 0.094947
