0 0.092548 0.201923 0.09375 0.081731
1 0.090144 0.082933 0.108173 0.103365
0 0.21274 0.205529 0.079327 0.079327
1 0.927885 0.076923 0.110577 0.105769
0 0.673077 0.206731 0.081731 0.081731
0 0.911058 0.215144 0.086538 0.079327
6 0.91226 0.794471 0.084135 0.088942
0 0.557692 0.550481 0.081731 0.076923
0 0.776442 0.222356 0.076923 0.084135
0 0.324519 0.206731 0.081731 0.086538
3 0.786058 0.073317 0.081731 0.122596
0 0.44351 0.44351 0.079327 0.079327
6 0.221154 0.793269 0.076923 0.086538
6 0.558894 0.664663 0.079327 0.084135
6 0.4375 0.55649 0.076923 0.079327
8 0.338942 0.926683 0.086538 0.112981
6 0.786058 0.794471 0.076923 0.084135
6 0.68149 0.788462 0.074519 0.081731
6 0.092548 0.801683 0.084135 0.084135
7 0.091346 0.933894 0.110577 0.112981
7 0.918269 0.930288 0.105769 0.110577
2 0.329327 0.090144 0.081731 0.098558
11 0.438702 0.794471 0.088942 0.09375
2 0.438702 0.340144 0.084135 0.088942
11 0.213942 0.929087 0.086538 0.127404
3 0.449519 0.201923 0.081731 0.100962
10 0.447115 0.926683 0.091346 0.122596
8 0.669471 0.927885 0.088942 0.120192
4 0.557692 0.072115 0.081731 0.120192
5 0.448317 0.086538 0.084135 0.120192
6 0.328125 0.796875 0.074519 0.084135
9 0.560096 0.927885 0.086538 0.144231
