7 0.086538 0.921875 0.105769 0.108173
11 0.663462 0.676683 0.076923 0.09375
0 0.082933 0.200721 0.088942 0.088942
1 0.915865 0.066106 0.096154 0.132212
5 0.554087 0.066106 0.09375 0.132212
6 0.911058 0.789663 0.081731 0.079327
0 0.794471 0.426683 0.088942 0.088942
2 0.317308 0.069712 0.091346 0.129808
7 0.914663 0.91226 0.112981 0.103365
10 0.564904 0.555288 0.086538 0.091346
6 0.092548 0.790865 0.088942 0.086538
0 0.903846 0.305288 0.086538 0.086538
8 0.669471 0.905048 0.098558 0.088942
4 0.435096 0.069712 0.096154 0.139423
6 0.213942 0.796875 0.076923 0.079327
6 0.786058 0.792067 0.076923 0.084135
0 0.331731 0.317308 0.081731 0.091346
6 0.330529 0.794471 0.079327 0.084135
0 0.560096 0.447115 0.076923 0.081731
6 0.445913 0.558894 0.084135 0.084135
0 0.671875 0.195913 0.084135 0.09375
1 0.195913 0.066106 0.108173 0.122596
6 0.671875 0.789663 0.074519 0.084135
8 0.795673 0.682692 0.096154 0.081731
3 0.441106 0.185096 0.088942 0.134615
0 0.211538 0.206731 0.091346 0.096154
2 0.668269 0.070913 0.081731 0.127404
9 0.441106 0.911058 0.09375 0.105769
