1 0.404694 0.053551 0.128938 0.107103
1 0.80855 0.969265 0.147917 0.061469
0 0.03564 0.684665 0.07128 0.107972
0 0.187539 0.492134 0.113193 0.116821
0 0.254958 0.755088 0.116068 0.119696
0 0.497032 0.692802 0.102753 0.110009
0 0.594874 0.843107 0.119165 0.113723
0 0.712103 0.869637 0.109787 0.111601
0 0.83497 0.887586 0.119387 0.104876
3 0.410759 0.551278 0.117968 0.137921
11 0.890016 0.143399 0.128938 0.147078
8 0.848734 0.265915 0.127568 0.131196
7 0.961213 0.17159 0.077573 0.158886
5 0.165925 0.030803 0.142253 0.061606
4 0.440412 0.933628 0.12969 0.132744
9 0.442133 0.428985 0.122349 0.12779
6 0.117887 0.233604 0.110539 0.105097
6 0.215463 0.38508 0.108725 0.106911
6 0.618924 0.224996 0.106158 0.115229
6 0.796913 0.51667 0.102975 0.101161
6 0.958166 0.280345 0.083669 0.112131
