1 0.304773 0.020501 0.093275 0.041003
1 0.854664 0.798406 0.112798 0.111617
0 0.091107 0.664009 0.086768 0.084282
0 0.204989 0.449886 0.084599 0.093394
0 0.316703 0.678816 0.086768 0.095672
0 0.517353 0.570615 0.075922 0.088838
0 0.633405 0.689066 0.091107 0.088838
0 0.741866 0.689066 0.082429 0.088838
0 0.85358 0.679955 0.093275 0.079727
3 0.413232 0.457859 0.084599 0.113895
11 0.753796 0.020501 0.093275 0.041003
8 0.741866 0.102506 0.095444 0.104784
7 0.854664 0.023918 0.112798 0.047836
5 0.084599 0.023918 0.104122 0.047836
4 0.516269 0.808656 0.095444 0.113895
9 0.416486 0.338269 0.091107 0.102506
6 0.092191 0.225512 0.084599 0.082004
6 0.208243 0.345102 0.082429 0.084282
6 0.531453 0.112756 0.078091 0.093394
6 0.746204 0.345102 0.078091 0.079727
6 0.853579 0.089977 0.084599 0.088838
