0 0.807302 0.822367 0.116897 0.116897
0 0.735395 0.664375 0.111228 0.116248
0 0.632455 0.614734 0.105212 0.106467
0 0.573445 0.475396 0.106467 0.105212
1 0.013197 0.71966 0.026395 0.137758
0 0.4327 0.528564 0.103005 0.105515
0 0.056066 0.495475 0.112132 0.108068
6 0.358392 0.118212 0.101446 0.110232
6 0.968993 0.394012 0.062014 0.1172
6 0.471912 0.431597 0.103957 0.107722
6 0.835804 0.449819 0.108372 0.109627
6 0.244114 0.058442 0.110579 0.110579
6 0.619624 0.368345 0.109324 0.111833
6 0.684456 0.51543 0.103957 0.107722
5 0.220026 0.699927 0.122307 0.133603
11 0.401779 0.257355 0.123216 0.123216
1 0.491342 0.946293 0.123865 0.107415
2 0.179365 0.809358 0.117244 0.12603
7 0.296006 0.008956 0.153252 0.017912
0 0.214207 0.425147 0.10426 0.10426
3 0.435382 0.795445 0.118498 0.124774
3 0.334477 0.753226 0.113435 0.1172
11 0.296762 0.218597 0.129491 0.116941
9 0.93398 0.222647 0.132039 0.16485
2 0.386521 0.635615 0.110276 0.114041
8 0.67513 0.254846 0.118801 0.121312
8 0.562562 0.206286 0.116292 0.123822
10 0.619344 0.086792 0.138451 0.158532
7 0.836129 0.178999 0.138104 0.1494
4 0.605815 0.962047 0.14914 0.075907
