11 0.235157 0.215825 0.127589 0.150787
11 0.772576 0.227424 0.127589 0.173985
0 0.413007 0.952982 0.127589 0.094036
6 0.772576 0.045085 0.127589 0.09017
6 0.949116 0.043152 0.101768 0.086303
6 0.048951 0.048951 0.097901 0.097903
0 0.219691 0.954916 0.127589 0.090169
0 0.048951 0.956849 0.097903 0.086302
0 0.768709 0.795774 0.135322 0.150787
3 0.397542 0.411075 0.15852 0.131455
6 0.225491 0.050884 0.115989 0.101768
6 0.592791 0.407209 0.131455 0.139187
0 0.56766 0.596658 0.127589 0.131455
3 0.594725 0.947183 0.143054 0.105634
0 0.94525 0.947182 0.1095 0.105635
