11 0.798077 0.919471 0.076923 0.108173
7 0.086538 0.920673 0.105769 0.105769
11 0.328125 0.667067 0.079327 0.108173
5 0.554087 0.066106 0.09375 0.132212
1 0.917067 0.067308 0.09375 0.134615
0 0.081731 0.199519 0.086538 0.091346
7 0.915865 0.91226 0.110577 0.098558
6 0.911058 0.788462 0.081731 0.076923
0 0.903846 0.197115 0.086538 0.096154
8 0.669471 0.909856 0.09375 0.088942
0 0.554087 0.201923 0.079327 0.091346
10 0.560096 0.911058 0.091346 0.096154
0 0.457933 0.439904 0.079327 0.081731
0 0.789663 0.197115 0.079327 0.086538
6 0.215144 0.796875 0.074519 0.084135
6 0.671875 0.788462 0.074519 0.081731
6 0.329327 0.796875 0.076923 0.084135
8 0.326923 0.913462 0.096154 0.096154
6 0.092548 0.790865 0.088942 0.086538
2 0.31851 0.072115 0.088942 0.120192
6 0.786058 0.792067 0.076923 0.084135
6 0.558894 0.793269 0.074519 0.086538
0 0.324519 0.201923 0.081731 0.091346
6 0.44351 0.790865 0.074519 0.081731
3 0.680288 0.313702 0.086538 0.108173
0 0.673077 0.195913 0.081731 0.09375
1 0.080529 0.075721 0.103365 0.137019
9 0.439904 0.914663 0.096154 0.108173
0 0.21274 0.206731 0.088942 0.096154
4 0.438702 0.069712 0.088942 0.129808
3 0.204327 0.058894 0.086538 0.112981
2 0.668269 0.063702 0.091346 0.127404
