7 0.959885 0.161813 0.080229 0.119299
11 0.371767 0.302422 0.103406 0.117003
0 0.859289 0.873278 0.10881 0.10881
6 0.146238 0.143586 0.094013 0.090128
8 0.404171 0.073785 0.112695 0.104925
10 0.067516 0.624011 0.131307 0.144903
7 0.165697 0.041174 0.131801 0.082347
6 0.950474 0.285526 0.099053 0.100863
6 0.26852 0.163046 0.087761 0.093589
6 0.833917 0.258208 0.094436 0.092494
6 0.720128 0.239049 0.090128 0.094013
0 0.197551 0.525197 0.100016 0.098074
3 0.769022 0.722794 0.137204 0.113896
6 0.381674 0.185754 0.087761 0.093589
1 0.153316 0.751715 0.124208 0.143632
0 0.278177 0.770416 0.097403 0.109057
0 0.634183 0.712075 0.094189 0.103901
2 0.221708 0.390324 0.111176 0.109234
2 0.262055 0.894517 0.105703 0.142608
9 0.632261 0.102427 0.117604 0.119546
0 0.728266 0.841263 0.105349 0.115061
4 0.486631 0.930131 0.116438 0.139739
8 0.717635 0.948107 0.1199 0.103785
