1 0.060096 0.927885 0.115385 0.115385
1 0.91226 0.929087 0.122596 0.112981
0 0.06851 0.788462 0.09375 0.096154
0 0.194712 0.800481 0.096154 0.091346
0 0.314904 0.804087 0.096154 0.09375
0 0.550481 0.6875 0.086538 0.091346
0 0.667067 0.808894 0.09375 0.09375
0 0.788462 0.814904 0.091346 0.091346
0 0.91226 0.814904 0.103365 0.091346
3 0.554087 0.441106 0.088942 0.117788
3 0.667067 0.6875 0.09375 0.110577
11 0.802885 0.067308 0.091346 0.129808
2 0.069712 0.084135 0.110577 0.115385
8 0.676683 0.060096 0.09375 0.115385
8 0.31851 0.064904 0.098558 0.125
7 0.91226 0.066106 0.122596 0.127404
5 0.31851 0.316106 0.103365 0.108173
4 0.53726 0.939904 0.108173 0.120192
9 0.192308 0.069712 0.110577 0.134615
6 0.069712 0.326923 0.086538 0.086538
6 0.195913 0.316106 0.088942 0.084135
6 0.555288 0.203125 0.086538 0.09375
6 0.663462 0.331731 0.081731 0.091346
6 0.792067 0.205529 0.084135 0.09375
6 0.91226 0.182692 0.09375 0.096154
