1 0.060096 0.069712 0.115385 0.125
1 0.914663 0.929087 0.122596 0.117788
0 0.067308 0.790865 0.096154 0.096154
0 0.19351 0.566106 0.09375 0.09375
0 0.313702 0.805288 0.09375 0.086538
0 0.549279 0.6875 0.088942 0.096154
0 0.663462 0.56851 0.096154 0.088942
0 0.784856 0.564904 0.09375 0.091346
0 0.914663 0.8125 0.098558 0.091346
11 0.426683 0.31851 0.09375 0.127404
8 0.66226 0.066106 0.084135 0.127404
7 0.913462 0.067308 0.115385 0.129808
4 0.543269 0.94351 0.100962 0.11298
9 0.814904 0.316106 0.125 0.112981
6 0.53726 0.444712 0.084135 0.081731
6 0.796875 0.448317 0.084135 0.084135
6 0.91226 0.18149 0.09375 0.09375
