1 0.026123 0.935336 0.052246 0.129329
3 0.862303 0.94648 0.112189 0.107039
2 0.278515 0.262687 0.11236 0.107892
5 0.438272 0.932673 0.137775 0.134653
4 0.570328 0.940229 0.131049 0.119541
0 0.964905 0.817917 0.070191 0.09666
0 0.85326 0.810613 0.112018 0.103754
0 0.715636 0.813128 0.119519 0.107661
0 0.570735 0.673244 0.117769 0.118395
0 0.291539 0.796254 0.122706 0.094318
6 0.407514 0.395133 0.105558 0.109173
6 0.547242 0.153413 0.125284 0.108883
6 0.669224 0.166519 0.087953 0.092964
6 0.80477 0.163782 0.127315 0.109712
7 0.933035 0.050496 0.13393 0.100992
7 0.032471 0.027976 0.064942 0.055952
8 0.265744 0.040921 0.129963 0.081842
8 0.658038 0.043216 0.117079 0.086432
11 0.812053 0.047836 0.120772 0.095672
9 0.540364 0.043601 0.126014 0.087201
10 0.403389 0.136354 0.121706 0.133435
11 0.405188 0.520519 0.123409 0.120976
6 0.940428 0.149471 0.11304 0.104785
6 0.12731 0.241586 0.102828 0.102666
6 0.015676 0.130088 0.031351 0.107522
2 0.695036 0.540807 0.12912 0.115054
0 0.027076 0.771988 0.054152 0.131617
0 0.147872 0.795224 0.122125 0.115252
3 0.28845 0.653689 0.112169 0.12559
1 0.964238 0.939236 0.071524 0.121529
