11 0.298227 0.342276 0.10037 0.129871
7 0.959136 0.064686 0.081727 0.129372
0 0.943138 0.862553 0.112128 0.088709
1 0.038766 0.970448 0.077532 0.059104
5 0.413937 0.969257 0.108927 0.061485
4 0.54248 0.959659 0.123622 0.080682
2 0.676854 0.968475 0.101483 0.06305
6 0.036257 0.225819 0.072514 0.098808
0 0.147276 0.639503 0.102769 0.104195
7 0.035959 0.088956 0.071918 0.139471
6 0.960414 0.212138 0.079171 0.103178
0 0.039894 0.756914 0.079788 0.103878
6 0.831123 0.208354 0.10088 0.105374
0 0.675673 0.737269 0.100033 0.110564
8 0.299847 0.076655 0.114887 0.126799
6 0.163875 0.221959 0.104758 0.11142
6 0.692503 0.209907 0.114456 0.103311
0 0.417127 0.604621 0.109519 0.103698
6 0.289737 0.226164 0.099403 0.100503
0 0.292641 0.876631 0.108935 0.115566
6 0.553272 0.483535 0.100478 0.093232
1 0.813443 0.960264 0.146504 0.079472
10 0.275496 0.629699 0.127975 0.120689
8 0.147946 0.350737 0.12106 0.107268
0 0.805815 0.858736 0.119423 0.110996
3 0.531563 0.878022 0.113942 0.155874
2 0.287249 0.968483 0.10051 0.063034
9 0.566516 0.073524 0.117605 0.134291
