1 0.219989 0.784938 0.073903 0.070619
0 0.221631 0.703644 0.064049 0.055838
0 0.304567 0.702823 0.055838 0.054196
0 0.539415 0.465512 0.055838 0.052553
6 0.781653 0.298819 0.05748 0.060765
0 0.778369 0.695433 0.060765 0.055838
0 0.688043 0.689685 0.054196 0.05748
1 0.791507 0.789044 0.073903 0.072261
0 0.465512 0.535309 0.052553 0.054196
0 0.618245 0.70036 0.055838 0.055838
6 0.309494 0.298819 0.052553 0.060765
6 0.540236 0.387503 0.054196 0.05748
6 0.695433 0.298819 0.052553 0.05748
6 0.624814 0.302925 0.052553 0.055838
6 0.46387 0.466333 0.052553 0.054196
8 0.389966 0.208493 0.059123 0.077188
6 0.221631 0.294713 0.05748 0.059123
2 0.382576 0.780832 0.05748 0.068976
8 0.616603 0.207672 0.062407 0.07883
7 0.219989 0.206029 0.077188 0.085399
11 0.458122 0.29964 0.060765 0.065692
7 0.785759 0.207672 0.072261 0.075545
11 0.375186 0.375186 0.062407 0.062407
5 0.464691 0.782474 0.05748 0.082115
3 0.465512 0.705287 0.055838 0.062407
10 0.46387 0.208493 0.062407 0.083757
3 0.538594 0.702823 0.054196 0.064049
2 0.464691 0.615782 0.05748 0.060765
4 0.538594 0.790686 0.05748 0.082115
9 0.541057 0.207672 0.059123 0.098538
