7 0.913462 0.078125 0.105769 0.108173
11 0.336538 0.325721 0.076923 0.09375
5 0.447115 0.933894 0.096154 0.132212
1 0.084135 0.93149 0.096154 0.132212
11 0.673077 0.334135 0.081731 0.105769
0 0.918269 0.799279 0.086538 0.09375
6 0.088942 0.211538 0.081731 0.076923
4 0.5625 0.930288 0.096154 0.139423
2 0.685096 0.933894 0.100962 0.132212
0 0.094952 0.694712 0.088942 0.086538
7 0.085337 0.088942 0.112981 0.100962
6 0.908654 0.209135 0.086538 0.086538
8 0.331731 0.090144 0.096154 0.088942
6 0.784856 0.200721 0.074519 0.084135
0 0.211538 0.801683 0.081731 0.088942
0 0.542067 0.558894 0.079327 0.084135
6 0.328125 0.21274 0.074519 0.084135
10 0.439904 0.09375 0.091346 0.110577
6 0.670673 0.203125 0.076923 0.084135
0 0.445913 0.800481 0.079327 0.091346
6 0.21274 0.209135 0.074519 0.081731
6 0.554087 0.442308 0.079327 0.086538
0 0.667067 0.685096 0.084135 0.091346
6 0.441106 0.209135 0.074519 0.086538
0 0.329327 0.805288 0.081731 0.091346
1 0.921875 0.927885 0.103365 0.134615
0 0.788462 0.795673 0.086538 0.096154
3 0.31851 0.6875 0.084135 0.105769
8 0.092548 0.438702 0.108173 0.088942
3 0.55649 0.8125 0.084135 0.134615
2 0.330529 0.930288 0.084135 0.115385
9 0.561298 0.084135 0.098558 0.110577
