0 0.555288 0.453125 0.086538 0.079327
1 0.084135 0.918269 0.110577 0.100962
0 0.91226 0.674279 0.088942 0.088942
0 0.664663 0.554087 0.079327 0.084135
0 0.090144 0.439904 0.084135 0.081731
0 0.780048 0.560096 0.084135 0.086538
0 0.448317 0.552885 0.079327 0.076923
6 0.552885 0.334135 0.081731 0.086538
6 0.675481 0.441106 0.076923 0.084135
6 0.78726 0.31851 0.079327 0.084135
11 0.44351 0.19351 0.084135 0.108173
6 0.222356 0.209135 0.079327 0.086538
7 0.319712 0.072115 0.096154 0.120192
4 0.683894 0.913462 0.09375 0.115385
6 0.91226 0.205529 0.088942 0.088942
2 0.4375 0.320913 0.086538 0.098558
6 0.08774 0.194712 0.09375 0.091346
9 0.554087 0.069712 0.09375 0.134615
