11 0.263251 0.171974 0.062753 0.089375
11 0.734848 0.172924 0.070359 0.09508
7 0.828976 0.166269 0.079868 0.085572
1 0.171024 0.841337 0.076064 0.104588
5 0.457214 0.842288 0.074162 0.106489
6 0.173875 0.271808 0.062753 0.060851
0 0.830878 0.738651 0.068457 0.070359
7 0.170073 0.173875 0.089375 0.077966
4 0.551343 0.842288 0.076064 0.106489
10 0.453411 0.177679 0.074162 0.081768
6 0.724389 0.266103 0.064655 0.064655
6 0.273709 0.268956 0.060851 0.066556
6 0.823272 0.269907 0.068457 0.068457
6 0.364036 0.271808 0.058949 0.064655
6 0.635013 0.267054 0.060851 0.066556
0 0.179581 0.741503 0.066556 0.072261
8 0.365937 0.180531 0.074162 0.068457
6 0.455313 0.270858 0.062753 0.062753
6 0.545638 0.269907 0.057048 0.064655
2 0.64357 0.838485 0.070359 0.09508
1 0.833731 0.838485 0.081768 0.106489
3 0.267054 0.842288 0.062753 0.09508
8 0.636915 0.17863 0.076064 0.072261
0 0.635964 0.735798 0.062753 0.072261
0 0.270858 0.741503 0.062753 0.068457
9 0.545638 0.172924 0.076064 0.08367
0 0.458165 0.7377 0.060851 0.072261
0 0.364036 0.742454 0.062753 0.074162
0 0.728192 0.732946 0.068457 0.074162
3 0.732946 0.847993 0.066556 0.087474
2 0.365937 0.839436 0.062753 0.096981
0 0.540885 0.738651 0.066556 0.077966
