1 0.173152 0.825893 0.093386 0.0875
1 0.863814 0.825893 0.097276 0.091071
0 0.568093 0.649107 0.07393 0.0625
0 0.664397 0.740179 0.075876 0.066071
0 0.761673 0.740179 0.075876 0.073214
0 0.862841 0.742857 0.083657 0.071429
0 0.379378 0.733036 0.077821 0.066071
0 0.279183 0.733036 0.075875 0.073215
0 0.179961 0.721429 0.075875 0.071429
3 0.571985 0.459821 0.07393 0.0875
11 0.773347 0.184822 0.075876 0.094643
8 0.383269 0.1875 0.077821 0.089285
8 0.671206 0.183929 0.077821 0.092857
7 0.863814 0.184822 0.101167 0.094643
5 0.381323 0.376786 0.081712 0.082143
4 0.563229 0.835715 0.083657 0.085715
9 0.273346 0.1875 0.09533 0.1
6 0.182879 0.376786 0.07393 0.064285
6 0.286965 0.471429 0.068094 0.064285
6 0.57393 0.291072 0.070039 0.067857
6 0.763618 0.288393 0.071984 0.069643
6 0.862841 0.271428 0.079767 0.071429
