7 0.917067 0.082933 0.112981 0.098558
0 0.917067 0.802885 0.088942 0.091346
0 0.665865 0.554087 0.081731 0.084135
8 0.215144 0.432692 0.103365 0.086538
7 0.088942 0.087740 0.115385 0.103365
6 0.087740 0.210337 0.079327 0.079327
10 0.789663 0.566106 0.108173 0.117788
6 0.212740 0.209135 0.074519 0.081731
6 0.907452 0.209135 0.088942 0.086538
9 0.557692 0.086538 0.096154 0.105769
6 0.782452 0.204327 0.084135 0.081731
6 0.663462 0.442308 0.076923 0.081731
6 0.328125 0.211538 0.074519 0.081731
4 0.926683 0.563702 0.132212 0.103365
2 0.212740 0.579327 0.088942 0.086538
0 0.787260 0.795673 0.088942 0.096154
