1 0.060096 0.927885 0.115385 0.120192
3 0.78726 0.94351 0.088942 0.11298
5 0.429087 0.927885 0.103365 0.125
4 0.539663 0.939904 0.103365 0.120192
0 0.915865 0.813702 0.096154 0.088942
0 0.789663 0.813702 0.088942 0.088942
0 0.670673 0.813702 0.091346 0.09375
0 0.551683 0.692308 0.088942 0.091346
0 0.314904 0.802885 0.091346 0.086538
6 0.554087 0.210337 0.084135 0.09375
6 0.669471 0.210337 0.09375 0.088942
6 0.793269 0.204327 0.091346 0.091346
7 0.913462 0.066106 0.115385 0.127404
8 0.316106 0.081731 0.098558 0.110577
8 0.667067 0.06851 0.103365 0.127404
11 0.804087 0.064904 0.09375 0.125
9 0.554087 0.067308 0.098558 0.129808
10 0.433894 0.19351 0.098558 0.117788
6 0.913462 0.182692 0.091346 0.096154
6 0.195913 0.316106 0.088942 0.084135
6 0.074519 0.204327 0.091346 0.091346
2 0.673077 0.564904 0.100962 0.100962
0 0.069712 0.794471 0.086538 0.088942
0 0.192308 0.800481 0.086538 0.086538
1 0.91226 0.930288 0.117788 0.110577
11 0.310096 0.302885 0.086538 0.115385
3 0.420673 0.4375 0.086538 0.110577
2 0.06851 0.081731 0.108173 0.120192
