7 0.915865 0.919471 0.110577 0.103365
11 0.33774 0.668269 0.088942 0.096154
0 0.917067 0.197115 0.088942 0.086538
6 0.088942 0.789663 0.081731 0.079327
7 0.086538 0.911058 0.115385 0.100962
6 0.908654 0.790865 0.086538 0.086538
0 0.206731 0.425481 0.091346 0.086538
10 0.09375 0.302885 0.105769 0.125
8 0.330529 0.905048 0.098558 0.088942
2 0.68149 0.072115 0.088942 0.120192
6 0.786058 0.799279 0.076923 0.079327
6 0.21274 0.790865 0.074519 0.081731
6 0.670673 0.793269 0.076923 0.081731
0 0.669471 0.314904 0.079327 0.091346
6 0.328125 0.788462 0.074519 0.081731
3 0.805288 0.328125 0.129808 0.103365
1 0.204327 0.189904 0.096154 0.125
2 0.335337 0.06851 0.088942 0.127404
0 0.329327 0.195913 0.081731 0.098558
4 0.5625 0.067308 0.091346 0.134615
0 0.786058 0.205529 0.091346 0.098558
8 0.800481 0.075721 0.100962 0.127404
9 0.563702 0.91226 0.098558 0.103365
