7 0.719567 0.280433 0.059479 0.051886
0 0.7202 0.658823 0.04809 0.046824
11 0.414577 0.410148 0.046824 0.053152
7 0.283596 0.282963 0.060745 0.054417
6 0.283596 0.348137 0.043028 0.040497
6 0.715138 0.346872 0.045558 0.045558
8 0.473424 0.3532 0.050621 0.04809
6 0.349403 0.346872 0.040497 0.043028
6 0.649964 0.344341 0.044293 0.043028
6 0.589219 0.344974 0.041762 0.044293
0 0.344974 0.540497 0.046824 0.045558
3 0.660721 0.59175 0.065807 0.051886
10 0.466464 0.532271 0.049355 0.056948
1 0.343708 0.66515 0.051886 0.064541
6 0.410148 0.349403 0.040497 0.043028
0 0.589219 0.597445 0.041762 0.04809
2 0.412679 0.729692 0.045558 0.067073
2 0.344974 0.468362 0.049355 0.04809
0 0.410148 0.661986 0.043028 0.050621
0 0.653128 0.656292 0.04809 0.051886
9 0.532271 0.282963 0.051886 0.054417
4 0.656292 0.727161 0.06201 0.072134
