0 0.839744 0.619416 0.076923 0.056701
0 0.722222 0.537801 0.07265 0.058419
0 0.620726 0.534364 0.070513 0.058419
1 0.103633 0.794673 0.100428 0.073883
0 0.521367 0.459622 0.076923 0.056701
0 0.426282 0.534364 0.070513 0.054983
6 0.107906 0.277491 0.074787 0.060138
11 0.419872 0.457044 0.074787 0.065292
6 0.727564 0.367697 0.070513 0.058419
6 0.628205 0.452749 0.07265 0.060138
9 0.521367 0.189003 0.08547 0.099656
6 0.521367 0.376289 0.07265 0.061855
7 0.315171 0.187286 0.087607 0.082475
4 0.63782 0.790378 0.083333 0.082474
6 0.839744 0.285224 0.076923 0.065292
2 0.417735 0.365121 0.074787 0.070447
