7 0.915865 0.084135 0.110577 0.100962
0 0.918269 0.804087 0.091346 0.093750
11 0.334135 0.328125 0.091346 0.103365
4 0.677885 0.931490 0.105769 0.137019
6 0.088942 0.211538 0.081731 0.076923
7 0.085337 0.087740 0.112981 0.103365
6 0.908654 0.209135 0.086538 0.086538
6 0.213942 0.209135 0.076923 0.081731
6 0.784856 0.203125 0.084135 0.079327
6 0.669471 0.203125 0.079327 0.084135
0 0.206731 0.578125 0.081731 0.084135
3 0.806490 0.670673 0.122596 0.096154
6 0.329327 0.213942 0.076923 0.081731
1 0.203125 0.813702 0.098558 0.117788
8 0.448317 0.221154 0.093750 0.091346
0 0.329327 0.807692 0.081731 0.096154
0 0.669471 0.683894 0.079327 0.088942
10 0.435096 0.560096 0.096154 0.105769
2 0.204327 0.438702 0.091346 0.088942
9 0.560096 0.086538 0.100962 0.105769
2 0.334135 0.931490 0.086538 0.132212
0 0.788462 0.798077 0.091346 0.100962
