0 0.246256 0.68563 0.058384 0.050899
1 0.243261 0.759732 0.067366 0.064372
0 0.321855 0.68563 0.050899 0.050899
0 0.607785 0.681887 0.050899 0.049402
0 0.75599 0.678145 0.053892 0.050899
0 0.535928 0.47006 0.050899 0.050899
6 0.756739 0.316615 0.052396 0.055389
1 0.766469 0.763475 0.068863 0.065869
0 0.671408 0.674402 0.049402 0.052396
6 0.461078 0.464072 0.047904 0.047904
3 0.679642 0.765721 0.050899 0.076348
0 0.464072 0.538922 0.047904 0.050899
6 0.535928 0.396706 0.050899 0.053892
0 0.388472 0.604042 0.049402 0.049402
6 0.678145 0.318113 0.047904 0.052396
6 0.247004 0.312873 0.050899 0.053892
8 0.3997 0.234279 0.053892 0.07036
6 0.324849 0.316615 0.047904 0.055389
6 0.613773 0.320358 0.047904 0.050899
7 0.243261 0.229789 0.067366 0.07036
2 0.392963 0.75599 0.052396 0.062875
7 0.759732 0.232782 0.064372 0.07036
11 0.461826 0.318113 0.055389 0.058384
3 0.468563 0.68563 0.050899 0.062875
5 0.467814 0.757487 0.055389 0.068863
11 0.321106 0.232782 0.052396 0.079342
2 0.461826 0.6003 0.052396 0.053892
8 0.60554 0.232782 0.055389 0.076348
10 0.467065 0.234279 0.056887 0.076348
4 0.534431 0.764972 0.053892 0.074851
6 0.391466 0.457335 0.049402 0.049402
9 0.534431 0.235028 0.056887 0.089821
