7 0.086538 0.921875 0.105769 0.108173
11 0.664663 0.676683 0.079327 0.09375
11 0.330529 0.669471 0.079327 0.108173
0 0.082933 0.200721 0.088942 0.088942
1 0.915865 0.06851 0.096154 0.132212
5 0.552885 0.066106 0.096154 0.132212
2 0.316106 0.072115 0.088942 0.120192
4 0.4375 0.06851 0.096154 0.137019
6 0.911058 0.788462 0.081731 0.076923
8 0.668269 0.905048 0.096154 0.088942
6 0.091346 0.790865 0.086538 0.086538
7 0.914663 0.911058 0.112981 0.100962
0 0.905048 0.305288 0.088942 0.086538
0 0.554087 0.201923 0.079327 0.091346
6 0.330529 0.796875 0.079327 0.084135
6 0.215144 0.798077 0.074519 0.081731
6 0.78726 0.790865 0.074519 0.081731
0 0.674279 0.197115 0.079327 0.096154
0 0.790865 0.197115 0.081731 0.091346
0 0.332933 0.316106 0.084135 0.09375
3 0.563702 0.555288 0.098558 0.081731
6 0.670673 0.788462 0.072115 0.081731
6 0.442308 0.557692 0.081731 0.086538
0 0.457933 0.439904 0.079327 0.081731
10 0.560096 0.908654 0.091346 0.105769
1 0.197115 0.074519 0.091346 0.134615
8 0.907452 0.560096 0.108173 0.086538
3 0.441106 0.186298 0.088942 0.137019
9 0.441106 0.915865 0.09375 0.110577
0 0.21274 0.206731 0.088942 0.096154
2 0.665865 0.0625 0.086538 0.125
