0 0.211316 0.91416 0.115198 0.107729
1 0.245378 0.980918 0.13586 0.038165
0 0.325751 0.873633 0.103049 0.101555
0 0.962197 0.634958 0.075605 0.102335
0 0.53819 0.43353 0.102269 0.099281
6 0.794402 0.087691 0.108443 0.11143
0 0.851575 0.67292 0.100061 0.104543
0 0.468631 0.56413 0.099281 0.102269
0 0.760757 0.719323 0.098501 0.099995
6 0.433239 0.472075 0.101555 0.103049
6 0.675809 0.130915 0.100061 0.104543
6 0.577679 0.16712 0.097787 0.103763
6 0.50153 0.326663 0.103829 0.103829
8 0.209205 0.148665 0.118516 0.134948
2 0.470806 0.941594 0.112343 0.116813
7 0.755269 0.014892 0.13898 0.029783
1 0.799466 0.843277 0.11611 0.122085
7 0.023207 0.225986 0.046414 0.154897
10 0.311525 0.113564 0.126184 0.145603
11 0.266386 0.385727 0.119098 0.119098
5 0.585275 0.90786 0.118583 0.140989
11 0.164879 0.426901 0.120591 0.117604
3 0.549751 0.800603 0.106949 0.112924
3 0.648627 0.762872 0.107729 0.115198
6 0.035462 0.347989 0.070925 0.109156
8 0.464314 0.199655 0.11533 0.119811
2 0.506104 0.677071 0.108443 0.11143
4 0.913479 0.797812 0.130666 0.141122
9 0.415729 0.078263 0.127096 0.156527
6 0.139554 0.312333 0.099347 0.10831
