1 0.060096 0.070913 0.115385 0.127404
1 0.913462 0.070913 0.125 0.117788
0 0.066106 0.21274 0.098558 0.09375
0 0.191106 0.195913 0.09375 0.088942
0 0.316106 0.194712 0.084135 0.086538
0 0.549279 0.308894 0.088942 0.088942
0 0.667067 0.188702 0.09375 0.088942
0 0.788462 0.183894 0.096154 0.09375
0 0.91226 0.18149 0.103365 0.103365
3 0.551683 0.560096 0.088942 0.120192
11 0.799279 0.935096 0.088942 0.125
8 0.319712 0.93149 0.096154 0.117788
8 0.675481 0.939904 0.100962 0.115385
7 0.913462 0.932692 0.120192 0.129808
5 0.319712 0.68149 0.100962 0.103365
4 0.53726 0.05649 0.103365 0.11298
9 0.06851 0.933894 0.122596 0.127404
6 0.070913 0.674279 0.09375 0.084135
6 0.195913 0.550481 0.088942 0.086538
6 0.555288 0.795673 0.086538 0.096154
6 0.793269 0.793269 0.086538 0.096154
6 0.91226 0.817308 0.09375 0.096154
