1 0.193209 0.13979 0.131365 0.15057
1 0.971397 0.788711 0.057206 0.152063
0 0.170768 0.900385 0.116973 0.116973
0 0.223358 0.651978 0.116273 0.114673
0 0.412197 0.843288 0.116273 0.114673
0 0.603905 0.668148 0.110073 0.114874
0 0.791766 0.480358 0.112373 0.115574
0 0.75007 0.748065 0.114874 0.110073
0 0.966957 0.68002 0.066087 0.109872
11 0.538736 0.544752 0.115669 0.133273
8 0.530134 0.056476 0.133665 0.112951
7 0.778865 0.020554 0.143564 0.041107
4 0.663651 0.910027 0.143066 0.147866
9 0.743067 0.237631 0.144867 0.140066
6 0.465261 0.204033 0.113973 0.113973
6 0.76669 0.364868 0.104976 0.104976
6 0.800941 0.076812 0.113973 0.113973
