7 0.082933 0.081731 0.112981 0.100962
11 0.661058 0.328125 0.086538 0.103365
0 0.082933 0.801683 0.088942 0.088942
6 0.911058 0.211538 0.081731 0.076923
6 0.091346 0.209135 0.086538 0.086538
7 0.91226 0.08774 0.112981 0.103365
8 0.551683 0.223558 0.09375 0.091346
6 0.786058 0.209135 0.076923 0.081731
6 0.215144 0.204327 0.084135 0.081731
0 0.794471 0.576923 0.088942 0.086538
6 0.330529 0.204327 0.079327 0.081731
10 0.561298 0.558894 0.09375 0.103365
6 0.670673 0.21274 0.076923 0.079327
3 0.194712 0.674279 0.125 0.098558
1 0.796875 0.8125 0.103365 0.120192
0 0.670673 0.807692 0.081731 0.096154
2 0.792067 0.439904 0.098558 0.086538
2 0.665865 0.933894 0.091346 0.127404
0 0.328125 0.686298 0.084135 0.09375
9 0.441106 0.08774 0.098558 0.103365
4 0.319712 0.811298 0.105769 0.141827
0 0.211538 0.796875 0.086538 0.098558
