1 0.91226 0.917067 0.108173 0.103365
0 0.90625 0.796875 0.091346 0.079327
0 0.564904 0.792067 0.076923 0.079327
1 0.073317 0.921875 0.108173 0.103365
0 0.786058 0.796875 0.076923 0.079327
0 0.091346 0.786058 0.086538 0.081731
0 0.676683 0.792067 0.079327 0.084135
6 0.552885 0.204327 0.076923 0.086538
0 0.328125 0.792067 0.079327 0.079327
3 0.215144 0.927885 0.079327 0.120192
0 0.223558 0.778846 0.076923 0.081731
0 0.439904 0.563702 0.081731 0.079327
6 0.317308 0.207933 0.076923 0.084135
6 0.08774 0.205529 0.084135 0.088942
6 0.780048 0.205529 0.074519 0.088942
6 0.442308 0.204327 0.076923 0.086538
6 0.671875 0.200721 0.074519 0.084135
6 0.90625 0.197115 0.081731 0.081731
6 0.213942 0.205529 0.076923 0.088942
7 0.911058 0.069712 0.110577 0.110577
11 0.198317 0.069712 0.079327 0.134615
8 0.661058 0.073317 0.086538 0.112981
2 0.671875 0.911058 0.084135 0.100962
2 0.330529 0.909856 0.084135 0.103365
8 0.314904 0.069712 0.086538 0.115385
3 0.783654 0.926683 0.076923 0.117788
4 0.439904 0.927885 0.076923 0.120192
11 0.78726 0.073317 0.084135 0.127404
7 0.080529 0.069712 0.103365 0.115385
10 0.552885 0.073317 0.091346 0.122596
5 0.551683 0.911058 0.084135 0.120192
9 0.444712 0.070913 0.091346 0.132212
