0 0.555941 0.454547 0.079251 0.081582
1 0.10258 0.904412 0.114214 0.100229
0 0.663163 0.552446 0.079251 0.081582
0 0.896254 0.670156 0.083912 0.083912
0 0.769219 0.558273 0.07692 0.079251
8 0.34616 0.096754 0.083912 0.111884
0 0.224953 0.437065 0.074589 0.079251
0 0.108408 0.440562 0.083912 0.07692
0 0.451051 0.55128 0.074589 0.079251
11 0.321686 0.561769 0.100229 0.072258
6 0.776213 0.326347 0.07692 0.07692
6 0.555941 0.341498 0.079251 0.079251
6 0.670156 0.442893 0.074589 0.081582
6 0.89742 0.216795 0.081582 0.086243
6 0.44872 0.452216 0.074589 0.07692
7 0.100249 0.082768 0.104891 0.107222
1 0.664329 0.904412 0.090905 0.100229
3 0.55361 0.785536 0.083912 0.095567
8 0.561769 0.213299 0.07692 0.097899
6 0.104911 0.206305 0.090905 0.088574
2 0.220291 0.787867 0.083912 0.100229
11 0.219126 0.083933 0.086243 0.118876
7 0.675983 0.082768 0.090905 0.111884
2 0.449885 0.661998 0.081582 0.086243
4 0.783205 0.899751 0.104891 0.114214
9 0.44872 0.088595 0.088574 0.123538
6 0.229615 0.216795 0.074589 0.086243
3 0.20281 0.668991 0.114214 0.081582
