7 0.951452 0.06405 0.097096 0.128099
11 0.313096 0.319859 0.109504 0.115261
0 0.972943 0.821302 0.054114 0.106478
5 0.506001 0.952758 0.119195 0.094484
11 0.709037 0.337945 0.103827 0.127993
1 0.090741 0.960932 0.153743 0.078136
6 0.020036 0.170476 0.040072 0.105778
4 0.635429 0.945378 0.119136 0.109244
2 0.75789 0.944941 0.108037 0.110118
0 0.075954 0.747784 0.135848 0.109187
0 0.493347 0.839759 0.104309 0.112412
6 0.953944 0.215189 0.092112 0.118998
7 0.016525 0.041841 0.033051 0.083681
8 0.273575 0.043839 0.136507 0.087678
6 0.827931 0.202274 0.085527 0.108011
0 0.584085 0.590842 0.109831 0.094307
6 0.703577 0.188177 0.098802 0.110931
0 0.226183 0.853458 0.123158 0.089281
6 0.285413 0.184291 0.112304 0.117658
10 0.407211 0.050975 0.140486 0.10195
6 0.134862 0.17903 0.121171 0.107378
0 0.727656 0.715327 0.095515 0.102078
6 0.586695 0.46058 0.094149 0.104234
6 0.42035 0.181858 0.112366 0.120841
1 0.88145 0.942495 0.117424 0.11501
3 0.337608 0.724022 0.11274 0.124256
0 0.363398 0.853369 0.098783 0.102945
8 0.052992 0.453869 0.105983 0.1065
3 0.617582 0.847256 0.109938 0.152057
0 0.8631 0.816734 0.106814 0.098254
9 0.561978 0.057377 0.148297 0.114754
2 0.382529 0.955788 0.126085 0.088424
