7 0.090144 0.921875 0.103365 0.108173
11 0.663462 0.674279 0.076923 0.09375
0 0.081731 0.200721 0.086538 0.088942
1 0.915865 0.067308 0.096154 0.134615
5 0.555288 0.066106 0.091346 0.132212
6 0.911058 0.788462 0.081731 0.076923
11 0.328125 0.665865 0.079327 0.105769
0 0.903846 0.197115 0.086538 0.096154
7 0.914663 0.91226 0.112981 0.103365
0 0.554087 0.201923 0.079327 0.091346
4 0.436298 0.064904 0.088942 0.129808
0 0.326923 0.199519 0.081731 0.100962
0 0.455529 0.4375 0.079327 0.086538
8 0.671875 0.909856 0.088942 0.088942
6 0.215144 0.796875 0.074519 0.084135
8 0.326923 0.914663 0.096154 0.09375
0 0.789663 0.194712 0.079327 0.091346
10 0.560096 0.911058 0.091346 0.100962
6 0.091346 0.790865 0.086538 0.086538
6 0.671875 0.78726 0.074519 0.084135
6 0.329327 0.795673 0.076923 0.086538
6 0.786058 0.792067 0.076923 0.084135
2 0.314904 0.06851 0.091346 0.127404
6 0.558894 0.792067 0.074519 0.088942
6 0.44351 0.794471 0.074519 0.084135
1 0.080529 0.075721 0.103365 0.137019
0 0.674279 0.194712 0.084135 0.091346
0 0.21274 0.206731 0.088942 0.096154
3 0.680288 0.313702 0.086538 0.108173
9 0.44351 0.914663 0.098558 0.108173
3 0.204327 0.061298 0.086538 0.112981
2 0.668269 0.064904 0.086538 0.125
