0 0.909856 0.674279 0.088942 0.088942
0 0.557692 0.449519 0.081731 0.076923
0 0.781250 0.557692 0.081731 0.091346
0 0.667067 0.552885 0.079327 0.081731
0 0.449519 0.552885 0.076923 0.081731
1 0.087740 0.917067 0.108173 0.103365
6 0.219952 0.205529 0.074519 0.088942
0 0.091346 0.674279 0.086538 0.074519
6 0.092548 0.195913 0.084135 0.084135
6 0.914663 0.205529 0.084135 0.088942
6 0.788462 0.320913 0.081731 0.084135
6 0.560096 0.331731 0.076923 0.086538
6 0.447115 0.449519 0.076923 0.081731
6 0.675481 0.439904 0.076923 0.086538
5 0.322115 0.794471 0.086538 0.108173
3 0.557692 0.798077 0.086538 0.100962
2 0.328125 0.911058 0.084135 0.100962
1 0.673077 0.923077 0.091346 0.100962
7 0.087740 0.069712 0.108173 0.120192
10 0.444712 0.074519 0.096154 0.125000
11 0.207933 0.324519 0.098558 0.091346
2 0.449519 0.667067 0.086538 0.088942
9 0.555288 0.072115 0.081731 0.139423
0 0.217548 0.433894 0.084135 0.088942
8 0.442308 0.206731 0.091346 0.100962
8 0.566106 0.205529 0.084135 0.098558
4 0.794471 0.915865 0.108173 0.115385
11 0.200721 0.078125 0.117788 0.108173
3 0.194712 0.676683 0.120192 0.088942
7 0.685096 0.069712 0.100962 0.125000
