0 0.557692 0.548077 0.086538 0.076923
1 0.092548 0.085337 0.108173 0.103365
0 0.909856 0.324519 0.088942 0.086538
0 0.669471 0.444712 0.079327 0.081731
0 0.778846 0.439904 0.081731 0.086538
0 0.451923 0.444712 0.076923 0.081731
8 0.33774 0.915865 0.088942 0.115385
0 0.096154 0.447115 0.086538 0.081731
6 0.675481 0.558894 0.076923 0.084135
6 0.557692 0.663462 0.081731 0.081731
11 0.204327 0.677885 0.110577 0.091346
6 0.788462 0.679087 0.081731 0.084135
7 0.08774 0.935096 0.108173 0.125
6 0.447115 0.546875 0.076923 0.079327
1 0.673077 0.078125 0.091346 0.098558
3 0.557692 0.203125 0.086538 0.098558
6 0.91226 0.794471 0.084135 0.088942
11 0.205529 0.93149 0.098558 0.108173
8 0.563702 0.795673 0.079327 0.100962
2 0.448317 0.328125 0.084135 0.088942
6 0.090144 0.800481 0.09375 0.086538
4 0.794471 0.085337 0.103365 0.117788
6 0.223558 0.792067 0.086538 0.088942
7 0.682692 0.930288 0.091346 0.115385
9 0.552885 0.927885 0.086538 0.139423
2 0.21274 0.199519 0.088942 0.100962
3 0.191106 0.325721 0.117788 0.084135
0 0.21875 0.5625 0.081731 0.081731
