1 0.027209 0.782069 0.054418 0.130037
0 0.040411 0.668762 0.080822 0.105176
0 0.140843 0.702411 0.101041 0.099427
0 0.569742 0.468177 0.100352 0.097124
6 0.963161 0.33607 0.073677 0.109328
0 0.808347 0.890856 0.108639 0.103798
0 0.684096 0.844894 0.100116 0.103344
1 0.787491 0.980734 0.133954 0.038533
0 0.436822 0.535042 0.096435 0.098049
0 0.581741 0.830576 0.10173 0.10173
6 0.317273 0.137951 0.099192 0.107261
6 0.603626 0.359131 0.100116 0.103344
6 0.858468 0.299892 0.097813 0.102655
6 0.757718 0.276018 0.097124 0.100352
6 0.463462 0.437629 0.096435 0.098049
8 0.468019 0.055789 0.115295 0.111578
6 0.195788 0.095326 0.105411 0.107025
2 0.217501 0.844534 0.109546 0.120843
8 0.786172 0.139001 0.12059 0.136728
7 0.230697 0.023174 0.144073 0.046349
11 0.525346 0.201467 0.112774 0.117615
7 0.978431 0.209979 0.043139 0.136257
11 0.377348 0.272603 0.113698 0.113699
5 0.331959 0.881292 0.115059 0.139267
3 0.365499 0.773398 0.104487 0.110942
10 0.571652 0.076065 0.122657 0.143637
3 0.469014 0.800609 0.102873 0.112556
2 0.401904 0.647542 0.106101 0.109328
4 0.432147 0.923817 0.115059 0.139267
9 0.680236 0.107302 0.124253 0.162985
