6 0.54921875 0.30703125 0.06875 0.0640625
6 0.73203125 0.37265625 0.0734375 0.06640625
6 0.25625 0.37265625 0.078125 0.0625
6 0.753125 0.67265625 0.08203125 0.0609375
6 0.7546875 0.746875 0.08046875 0.05859375
4 0.09765625 0.66640625 0.134375 0.0515625
9 0.87421875 0.67265625 0.109375 0.0578125
0 0.23671875 0.58515625 0.0828125 0.0515625
0 0.53828125 0.5203125 0.07578125 0.05078125
0 0.6421875 0.51796875 0.07265625 0.05234375
0 0.22734375 0.6640625 0.0875 0.053125
0 0.20859375 0.75625 0.0890625 0.0625
0 0.271875 0.24453125 0.06796875 0.0640625
1 0.73203125 0.440625 0.084375 0.065625
1 0.11171875 0.578125 0.109375 0.05703125
7 0.82734375 0.22421875 0.0890625 0.0828125
7 0.86015625 0.590625 0.109375 0.06015625
2 0.54140625 0.671875 0.0796875 0.05546875
11 0.64453125 0.36328125 0.07578125 0.0734375
