11 0.259369 0.292008 0.065089 0.079918
7 0.732742 0.081967 0.084812 0.090164
0 0.736686 0.695697 0.072978 0.075819
1 0.053255 0.810451 0.078896 0.112705
5 0.350098 0.810451 0.076923 0.112705
4 0.445759 0.807377 0.074951 0.118852
2 0.545365 0.808401 0.076923 0.108607
6 0.057199 0.194672 0.067061 0.065574
0 0.15286 0.504098 0.072978 0.07377
7 0.054241 0.090164 0.092702 0.086066
6 0.729783 0.192623 0.071006 0.07377
0 0.06213 0.606558 0.072978 0.07377
6 0.629192 0.1875 0.063116 0.067623
0 0.532544 0.596311 0.067061 0.077869
8 0.25641 0.091188 0.074951 0.075819
6 0.159763 0.191599 0.063116 0.071722
6 0.53353 0.189549 0.065089 0.071722
0 0.34714 0.487705 0.067061 0.069672
6 0.254438 0.193648 0.059171 0.071722
0 0.254438 0.700819 0.067061 0.081967
6 0.439842 0.390369 0.071006 0.071722
1 0.642998 0.804304 0.09073 0.116803
10 0.249507 0.507172 0.076923 0.092213
8 0.150888 0.284836 0.076923 0.069672
0 0.631164 0.690574 0.074951 0.081967
3 0.438856 0.705943 0.069034 0.112705
2 0.25641 0.806353 0.067061 0.108607
9 0.443787 0.089139 0.074951 0.088114
