1 0.036508 0.953509 0.073016 0.092983
0 0.040494 0.842642 0.080988 0.077298
0 0.141404 0.842862 0.082961 0.08996
1 0.917713 0.954116 0.153674 0.091767
0 0.383065 0.71353 0.095884 0.108873
0 0.917537 0.823317 0.126592 0.098855
3 0.756924 0.956583 0.127142 0.086834
0 0.755416 0.821813 0.103188 0.09407
0 0.634102 0.837015 0.103451 0.09006
6 0.972069 0.113399 0.055862 0.145757
0 0.253691 0.837714 0.08936 0.096364
0 0.520767 0.46778 0.112064 0.120851
8 0.275012 0.047596 0.110317 0.095192
6 0.383605 0.459991 0.093678 0.094145
6 0.13571 0.203454 0.112832 0.137563
6 0.841168 0.122163 0.139354 0.145501
6 0.539926 0.319673 0.10337 0.117998
6 0.704254 0.149153 0.107647 0.128967
7 0.024769 0.064686 0.049537 0.129373
7 0.975223 0.010241 0.049553 0.020482
2 0.621096 0.952944 0.100395 0.094111
2 0.256952 0.955035 0.100393 0.089705
3 0.390638 0.84433 0.101839 0.102472
11 0.131638 0.05687 0.103636 0.113739
11 0.391177 0.168055 0.131804 0.117457
6 0.022501 0.206475 0.045001 0.124568
10 0.40703 0.04144 0.121262 0.08288
4 0.491721 0.957284 0.105239 0.085432
5 0.386905 0.951004 0.12715 0.097532
8 0.702264 0.027251 0.139073 0.054502
9 0.549892 0.044842 0.148885 0.089683
6 0.266098 0.186426 0.097309 0.15384
