1 0.037792 0.949809 0.075585 0.097232
1 0.923818 0.955815 0.152364 0.088369
0 0.035758 0.83488 0.071515 0.084879
0 0.130966 0.85562 0.104241 0.081149
0 0.255464 0.848706 0.091764 0.081108
0 0.53528 0.735404 0.126299 0.105823
0 0.662688 0.851522 0.150616 0.090001
0 0.824678 0.85637 0.170315 0.105683
0 0.944477 0.862894 0.111046 0.115328
3 0.581452 0.452526 0.145899 0.177566
8 0.313375 0.046244 0.147809 0.092487
5 0.293866 0.336759 0.13775 0.150499
4 0.488055 0.963611 0.134137 0.072778
9 0.035148 0.082243 0.070295 0.164486
6 0.02705 0.390301 0.0541 0.109955
6 0.140651 0.515107 0.102053 0.11766
6 0.641525 0.128055 0.164908 0.179534
6 0.973406 0.078783 0.053189 0.157565
