0 0.092548 0.798077 0.093750 0.081731
1 0.087740 0.917067 0.108173 0.103365
0 0.213942 0.796875 0.081731 0.079327
0 0.557692 0.449519 0.081731 0.076923
6 0.912260 0.205529 0.084135 0.088942
0 0.908654 0.782452 0.086538 0.079327
0 0.449519 0.550481 0.076923 0.081731
0 0.776442 0.777644 0.076923 0.084135
0 0.675481 0.792067 0.076923 0.079327
6 0.786058 0.204327 0.076923 0.086538
6 0.447115 0.451923 0.076923 0.081731
8 0.338942 0.069712 0.086538 0.115385
6 0.557692 0.331731 0.081731 0.086538
6 0.681490 0.211538 0.074519 0.081731
7 0.917067 0.070913 0.103365 0.112981
2 0.328125 0.911058 0.084135 0.100962
7 0.090144 0.069712 0.112981 0.125000
1 0.671875 0.921875 0.088942 0.098558
10 0.445913 0.073317 0.093750 0.122596
11 0.314904 0.314904 0.091346 0.091346
8 0.669471 0.073317 0.088942 0.112981
5 0.448317 0.913462 0.084135 0.120192
3 0.449519 0.800481 0.081731 0.091346
11 0.206731 0.322115 0.096154 0.091346
3 0.555288 0.796875 0.081731 0.093750
2 0.448317 0.667067 0.084135 0.088942
4 0.794471 0.915865 0.098558 0.115385
6 0.219952 0.205529 0.074519 0.088942
9 0.560096 0.072115 0.086538 0.139423
6 0.090144 0.199519 0.088942 0.086538
