7 0.950171 0.053257 0.099659 0.106514
11 0.301084 0.32319 0.098971 0.108409
0 0.963064 0.859271 0.073872 0.108014
1 0.047046 0.952515 0.094091 0.094969
2 0.720732 0.966426 0.107548 0.067149
5 0.447865 0.964862 0.116319 0.070276
6 0.036039 0.19709 0.072078 0.097745
0 0.168199 0.593038 0.103016 0.098176
7 0.043572 0.060126 0.087143 0.110915
4 0.583895 0.957922 0.118024 0.084156
0 0.045217 0.730621 0.090433 0.097697
6 0.960358 0.189269 0.079284 0.105177
0 0.442602 0.847376 0.088798 0.107652
6 0.824716 0.187944 0.097445 0.100561
0 0.68472 0.732418 0.103448 0.102913
8 0.302017 0.063413 0.120467 0.108068
6 0.173772 0.194311 0.101277 0.104151
6 0.686048 0.185139 0.100703 0.10075
10 0.422921 0.454728 0.108829 0.112668
0 0.313778 0.85438 0.106608 0.127844
1 0.853456 0.969281 0.127469 0.061438
6 0.296792 0.196104 0.096278 0.090183
6 0.560144 0.454282 0.09231 0.110276
8 0.054505 0.446632 0.10901 0.103478
3 0.576789 0.876037 0.104005 0.152858
2 0.315349 0.957112 0.098239 0.085776
0 0.840687 0.847164 0.11251 0.132025
9 0.557117 0.064106 0.118795 0.128212
