11 0.355094 0.344516 0.069809 0.082501
7 0.863853 0.129802 0.093078 0.097309
0 0.867025 0.765486 0.07827 0.07827
5 0.451346 0.880775 0.080386 0.118463
1 0.134033 0.880775 0.084617 0.118463
8 0.351921 0.139321 0.084617 0.07827
2 0.659714 0.876545 0.07827 0.105771
6 0.138263 0.246149 0.071924 0.067693
4 0.555001 0.875487 0.080386 0.120579
0 0.452403 0.762312 0.069809 0.080386
7 0.136147 0.137205 0.101541 0.090963
0 0.143552 0.671349 0.07827 0.076155
6 0.751735 0.237688 0.067693 0.071924
6 0.859622 0.244034 0.076155 0.076155
0 0.245092 0.766543 0.07404 0.080386
6 0.649137 0.241919 0.069809 0.071925
0 0.446057 0.455576 0.069809 0.071925
6 0.247207 0.244034 0.065578 0.071924
0 0.348747 0.768658 0.069809 0.084617
8 0.142494 0.448172 0.097309 0.07827
1 0.765486 0.876545 0.086732 0.097309
0 0.648079 0.662887 0.071925 0.080386
6 0.547597 0.448172 0.069809 0.07404
6 0.349805 0.246149 0.063462 0.071924
10 0.447115 0.138263 0.080386 0.084617
3 0.55077 0.77712 0.076155 0.122694
9 0.552885 0.130859 0.084617 0.090963
2 0.351921 0.877603 0.071924 0.112117
