1 0.060096 0.072115 0.115385 0.120192
3 0.78726 0.05649 0.088942 0.11298
2 0.19351 0.555288 0.098558 0.096154
5 0.429087 0.072115 0.103365 0.125
4 0.542067 0.060096 0.103365 0.120192
0 0.91226 0.1875 0.103365 0.086538
0 0.788462 0.183894 0.091346 0.084135
0 0.673077 0.191106 0.091346 0.09375
0 0.551683 0.307692 0.088942 0.091346
0 0.314904 0.197115 0.091346 0.086538
6 0.31851 0.68149 0.09375 0.088942
6 0.429087 0.561298 0.088942 0.09375
6 0.554087 0.789663 0.084135 0.09375
6 0.664663 0.790865 0.084135 0.086538
6 0.78726 0.792067 0.084135 0.09375
7 0.913462 0.933894 0.115385 0.127404
7 0.085337 0.93149 0.112981 0.122596
8 0.316106 0.918269 0.098558 0.110577
8 0.66226 0.930288 0.098558 0.115385
11 0.804087 0.935096 0.09375 0.125
9 0.554087 0.932692 0.098558 0.129808
10 0.429087 0.932692 0.103365 0.129808
11 0.426683 0.43149 0.09375 0.103365
6 0.913462 0.820913 0.091346 0.088942
6 0.19351 0.695913 0.084135 0.084135
6 0.06851 0.794471 0.103365 0.09375
2 0.667067 0.441106 0.103365 0.103365
0 0.069712 0.210337 0.100962 0.103365
0 0.19351 0.195913 0.09375 0.098558
3 0.31851 0.31851 0.09375 0.103365
1 0.913462 0.070913 0.120192 0.112981
