11 0.09772 0.003442 0.103814 0.006883
7 0.993315 0.001819 0.01337 0.003639
11 0.73196 0.274529 0.107059 0.145988
5 0.427005 0.99818 0.126523 0.003639
1 0.000197 0.996558 0.000395 0.006883
7 0.006686 0.005063 0.013372 0.010127
6 0.000197 0.110696 0.000394 0.103814
0 0.006686 0.908769 0.013371 0.129768
8 0.271285 0.003441 0.126523 0.006882
0 0.427005 0.90228 0.107058 0.123279
10 0.418895 0.005063 0.123279 0.010127
0 0.556773 0.581105 0.107058 0.110303
0 0.109076 0.908769 0.107058 0.11679
6 0.884437 0.099342 0.10057 0.113547
6 0.26804 0.110696 0.10057 0.110303
6 0.730337 0.099342 0.103814 0.113547
8 0.733582 0.003441 0.129768 0.006882
6 0.994937 0.107453 0.010127 0.11679
2 0.744936 0.998181 0.120035 0.003638
6 0.113941 0.105831 0.103814 0.113547
6 0.420518 0.104209 0.10057 0.11679
0 0.736826 0.90228 0.110303 0.123279
6 0.576238 0.107453 0.10057 0.110303
3 0.256686 0.751425 0.11679 0.145989
0 0.266418 0.910391 0.110303 0.126523
1 0.998181 0.99007 0.003639 0.019859
9 0.581105 0.006686 0.129768 0.013372
0 0.887681 0.895791 0.120035 0.129768
4 0.582727 0.996558 0.120035 0.006884
