11 0.36611 0.298992 0.093457 0.105355
7 0.957485 0.151805 0.085031 0.12624
0 0.862731 0.865218 0.102167 0.102167
5 0.375398 0.918035 0.111932 0.147626
1 0.038958 0.859666 0.077915 0.148405
8 0.400297 0.068311 0.109283 0.103334
2 0.609832 0.942559 0.107225 0.114882
6 0.141059 0.148802 0.093105 0.089139
4 0.492606 0.928087 0.112321 0.143827
0 0.398375 0.78539 0.093068 0.102982
7 0.158727 0.043294 0.130596 0.086587
0 0.068775 0.626576 0.101777 0.099794
6 0.830537 0.252161 0.089139 0.093105
6 0.950323 0.279123 0.099354 0.099405
0 0.165127 0.752 0.097812 0.103761
6 0.714709 0.238032 0.091511 0.093494
0 0.447682 0.440262 0.091511 0.093494
6 0.263613 0.16647 0.086767 0.092716
0 0.280973 0.773439 0.093846 0.107727
8 0.108642 0.37612 0.123516 0.105669
1 0.728439 0.95427 0.115158 0.091459
0 0.636087 0.709894 0.09544 0.103372
6 0.562907 0.450638 0.0919 0.095867
6 0.378273 0.187715 0.084394 0.092327
10 0.507237 0.084635 0.105706 0.109673
3 0.505955 0.82009 0.107966 0.151593
9 0.627206 0.09579 0.111618 0.117567
2 0.264491 0.896189 0.101277 0.138954
