0 0.051849 0.789632 0.103698 0.107446
1 0.061262 0.926344 0.122524 0.146551
0 0.158735 0.801185 0.099796 0.106542
1 0.979075 0.981868 0.041851 0.036263
0 0.710349 0.859089 0.126846 0.116562
0 0.978044 0.873119 0.043911 0.123753
6 0.973964 0.064366 0.052073 0.128732
0 0.531464 0.396389 0.108068 0.100892
0 0.843851 0.850818 0.104178 0.116451
0 0.287471 0.81217 0.107816 0.124981
3 0.858263 0.972033 0.117037 0.055934
0 0.403277 0.528235 0.11276 0.12344
6 0.087404 0.072688 0.117933 0.127728
6 0.531961 0.246683 0.116203 0.115719
6 0.379341 0.386732 0.108054 0.106388
6 0.827433 0.06935 0.121526 0.138699
6 0.677327 0.075847 0.119504 0.1371
6 0.000764 0.059647 0.001529 0.105718
2 0.298366 0.937823 0.122302 0.124354
11 0.357995 0.070285 0.133585 0.140569
2 0.405914 0.67076 0.119094 0.128664
3 0.432679 0.837083 0.126775 0.119773
4 0.576328 0.957973 0.111348 0.084055
5 0.444722 0.944493 0.116891 0.111014
6 0.224998 0.064395 0.122534 0.126035
