0 0.277778 0.892384 0.070707 0.115895
0 0.863636 0.872517 0.070707 0.109272
0 0.567676 0.410595 0.068687 0.10596
6 0.868687 0.079471 0.072727 0.125828
0 0.476767 0.55298 0.064646 0.112583
1 0.173737 0.991722 0.092929 0.016557
0 0.750505 0.867549 0.066667 0.119205
0 0.174747 0.72351 0.074747 0.109272
6 0.473738 0.415563 0.066667 0.115895
6 0.671718 0.082782 0.062626 0.119205
6 0.761616 0.074503 0.064646 0.115895
0 0.659596 0.556292 0.066667 0.10596
6 0.567676 0.254967 0.068687 0.112583
1 0.664646 0.996689 0.072727 0.006622
2 0.375758 0.990066 0.072727 0.019867
11 0.366667 0.228477 0.078788 0.125828
11 0.274748 0.2351 0.080808 0.125828
6 0.177778 0.061259 0.072727 0.115895
5 0.475757 0.983444 0.070707 0.033112
3 0.476767 0.897351 0.068687 0.125828
8 0.574748 0.074503 0.066667 0.142384
3 0.565657 0.892384 0.068687 0.129139
6 0.284848 0.077815 0.060606 0.122516
2 0.475757 0.710264 0.070707 0.122516
4 0.767677 0.98841 0.088889 0.02318
