0 0.57322 0.437621 0.105767 0.094505
1 0.0572 0.915381 0.1144 0.111766
0 0.940404 0.676083 0.102368 0.101007
0 0.684402 0.545491 0.089342 0.087853
0 0.807725 0.560064 0.102783 0.098073
0 0.450529 0.54221 0.086924 0.08748
8 0.333574 0.052542 0.105239 0.105085
0 0.05669 0.537204 0.099743 0.09273
6 0.693959 0.430924 0.09545 0.08978
6 0.573453 0.321385 0.109802 0.101888
11 0.176645 0.284552 0.131626 0.10381
6 0.812731 0.307861 0.092196 0.113711
7 0.059301 0.038552 0.118602 0.077104
6 0.451373 0.433564 0.096343 0.091757
1 0.688011 0.931099 0.101194 0.116735
3 0.562564 0.801724 0.101618 0.10073
6 0.942658 0.194039 0.092075 0.098046
11 0.185931 0.040198 0.136781 0.080397
8 0.57469 0.182571 0.089817 0.106759
2 0.448643 0.668288 0.096042 0.104255
6 0.05334 0.145993 0.10668 0.092755
4 0.820138 0.922151 0.114065 0.133644
6 0.206754 0.162987 0.100653 0.101896
7 0.697283 0.052188 0.102262 0.104376
9 0.562946 0.061082 0.120474 0.122165
2 0.190857 0.804832 0.112831 0.099938
3 0.16775 0.666236 0.143907 0.103314
0 0.195871 0.411918 0.103726 0.105317
