7 0.85181 0.041408 0.128722 0.082816
11 0.314407 0.356459 0.102572 0.110656
0 0.953485 0.737701 0.09303 0.098769
4 0.741914 0.897614 0.125628 0.155941
7 0.047351 0.153598 0.094702 0.11933
6 0.04935 0.274662 0.090212 0.090212
6 0.861012 0.151761 0.098412 0.098412
6 0.17279 0.25494 0.085813 0.091876
6 0.73888 0.163994 0.092589 0.090568
0 0.221555 0.620743 0.098769 0.10079
6 0.625127 0.183479 0.088547 0.09461
8 0.407545 0.231899 0.101502 0.103523
6 0.287434 0.241398 0.08617 0.094254
1 0.254938 0.851517 0.120399 0.136566
3 0.827397 0.624712 0.138231 0.116002
0 0.694863 0.656735 0.091637 0.09972
9 0.495574 0.081366 0.110417 0.116479
10 0.352594 0.716557 0.114337 0.14263
2 0.198507 0.483217 0.103523 0.101502
2 0.402498 0.941782 0.108869 0.116435
0 0.375645 0.829774 0.097461 0.107566
8 0.85751 0.874207 0.118379 0.138588
0 0.828279 0.752192 0.102215 0.108278
