0 0.435129 0.412995 0.071856 0.072687
0 0.731537 0.617842 0.073852 0.072687
0 0.527944 0.505507 0.065868 0.077093
0 0.622754 0.513216 0.067864 0.079295
0 0.346307 0.50881 0.065868 0.070485
1 0.152694 0.840308 0.081837 0.094713
6 0.048902 0.179515 0.069861 0.077093
11 0.148703 0.290749 0.085828 0.088106
6 0.627745 0.294052 0.065868 0.077093
6 0.53493 0.404185 0.063872 0.077093
6 0.732535 0.188326 0.071856 0.081498
9 0.437125 0.066079 0.07984 0.127753
7 0.243513 0.063877 0.083833 0.105727
2 0.339321 0.290749 0.067864 0.0837
6 0.437125 0.30837 0.067864 0.07489
4 0.54491 0.841409 0.07984 0.105727
