7 0.082933 0.081731 0.112981 0.100962
11 0.661058 0.328125 0.086538 0.103365
0 0.080529 0.804087 0.09375 0.09375
6 0.911058 0.211538 0.081731 0.076923
8 0.669471 0.097356 0.098558 0.088942
10 0.903846 0.698317 0.110577 0.127404
7 0.913462 0.08774 0.115385 0.103365
6 0.092548 0.209135 0.088942 0.086538
6 0.78726 0.209135 0.074519 0.081731
6 0.213942 0.203125 0.081731 0.079327
6 0.329327 0.204327 0.076923 0.081731
0 0.793269 0.578125 0.086538 0.084135
3 0.195913 0.671875 0.122596 0.09375
6 0.671875 0.211538 0.074519 0.081731
1 0.796875 0.808894 0.103365 0.127404
0 0.670673 0.805288 0.081731 0.096154
0 0.330529 0.685096 0.079327 0.091346
2 0.793269 0.441106 0.096154 0.09375
2 0.664663 0.930288 0.084135 0.129808
9 0.439904 0.085337 0.100962 0.103365
0 0.215144 0.795673 0.088942 0.100962
4 0.436298 0.93149 0.09375 0.137019
8 0.203125 0.923077 0.098558 0.129808
