1 0.65241 0.067089 0.162468 0.134179
0 0.027351 0.417082 0.054703 0.134258
0 0.230702 0.341225 0.132377 0.132619
0 0.159015 0.59636 0.134136 0.134258
0 0.406718 0.674265 0.120668 0.120547
0 0.410262 0.845075 0.132498 0.132498
0 0.49483 0.9271 0.129222 0.128979
0 0.588013 0.972136 0.135896 0.055728
11 0.966797 0.388085 0.066406 0.163803
8 0.918274 0.472319 0.151002 0.151366
5 0.303687 0.241671 0.153247 0.152519
4 0.232718 0.850559 0.157433 0.158524
9 0.657466 0.408488 0.154157 0.155006
6 0.73943 0.322222 0.123823 0.124187
6 0.750855 0.666237 0.118909 0.118909
6 0.977139 0.549521 0.045722 0.129101
