11 0.475308 0.109572 0.074074 0.108312
0 0.966049 0.608313 0.067901 0.098237
6 0.261317 0.013854 0.069959 0.027707
10 0.26749 0.497481 0.09465 0.133501
6 0.961934 0.015113 0.076131 0.030227
6 0.367284 0.013854 0.063786 0.027708
6 0.858025 0.010076 0.069959 0.020151
6 0.759259 0.011335 0.065844 0.02267
0 0.36214 0.371537 0.074074 0.088162
3 0.873457 0.469773 0.104938 0.098237
6 0.466049 0.015113 0.063786 0.030226
1 0.359054 0.61335 0.088477 0.133501
0 0.467078 0.609571 0.069959 0.100756
0 0.75823 0.483627 0.067901 0.095718
2 0.36214 0.22796 0.082305 0.098237
2 0.472223 0.740554 0.072017 0.136021
0 0.856996 0.599496 0.076131 0.105794
4 0.667696 0.741813 0.080247 0.143577
8 0.867284 0.732998 0.084362 0.13602
