0 0.630264 0.396234 0.095781 0.118942
0 0.986794 0.655855 0.026411 0.133821
0 0.875184 0.517901 0.107616 0.13187
0 0.751072 0.527762 0.093178 0.118811
0 0.098036 0.42825 0.103753 0.128728
0 0.506095 0.549837 0.090554 0.123178
8 0.762046 0.957892 0.107806 0.084216
6 0.766144 0.37389 0.092449 0.12092
6 0.882076 0.213553 0.097224 0.118703
7 0.090386 0.009135 0.128037 0.018269
6 0.987965 0.055476 0.02407 0.110952
6 0.238234 0.098581 0.088486 0.137396
4 0.893527 0.950467 0.118824 0.099065
6 0.626988 0.241111 0.098838 0.125392
6 0.095483 0.101063 0.108132 0.143813
9 0.500346 0.002478 0.118524 0.004956
