1 0.021572 0.935138 0.043145 0.129724
1 0.926507 0.964896 0.146986 0.070208
0 0.020675 0.801659 0.041351 0.105859
0 0.1144 0.823365 0.108496 0.106391
0 0.253545 0.829065 0.112623 0.086892
0 0.524162 0.723316 0.116414 0.104118
0 0.64798 0.850556 0.119337 0.107777
0 0.783784 0.86939 0.127074 0.119115
0 0.936654 0.876723 0.126692 0.119183
3 0.536732 0.444208 0.119115 0.129316
3 0.781849 0.965898 0.130298 0.068204
11 0.858798 0.053711 0.136804 0.107422
2 0.028852 0.063663 0.057704 0.127326
8 0.537776 0.336828 0.109182 0.126939
8 0.684184 0.059567 0.127774 0.119134
7 0.955744 0.058273 0.088513 0.116547
5 0.371016 0.70327 0.1276 0.1173
4 0.499538 0.957167 0.12017 0.085665
9 0.25907 0.157954 0.134503 0.150358
6 0.021002 0.313415 0.042004 0.117074
6 0.131547 0.321517 0.098724 0.09593
6 0.549198 0.194077 0.098968 0.110175
6 0.691123 0.20164 0.123726 0.110861
6 0.829406 0.201815 0.137833 0.128293
6 0.962147 0.174894 0.075706 0.129541
