1 0.042654 0.926831 0.085307 0.129842
3 0.152105 0.934715 0.108144 0.13057
3 0.840581 0.951511 0.101013 0.096979
2 0.721373 0.945726 0.125022 0.108549
2 0.303666 0.931819 0.108433 0.136362
5 0.444101 0.936375 0.123208 0.12725
4 0.570059 0.943673 0.119427 0.112654
0 0.969223 0.838911 0.061554 0.101504
0 0.844653 0.835385 0.084047 0.100474
0 0.713838 0.828069 0.102589 0.103684
0 0.56716 0.812185 0.125475 0.097948
0 0.433871 0.805172 0.099154 0.097777
0 0.298618 0.807496 0.103393 0.086232
6 0.308247 0.189791 0.102784 0.09693
6 0.446317 0.192761 0.110143 0.113788
6 0.58901 0.196904 0.089701 0.112259
6 0.710417 0.196359 0.105654 0.109431
6 0.853088 0.203385 0.099181 0.104755
7 0.960162 0.072389 0.079676 0.141161
7 0.063233 0.053938 0.126466 0.107875
8 0.319627 0.059212 0.105096 0.118424
8 0.707078 0.064206 0.129474 0.128412
11 0.860734 0.059298 0.115186 0.118596
9 0.585244 0.056846 0.106032 0.113692
10 0.455056 0.063342 0.126632 0.126684
