0 0.646127 0.573029 0.171668 0.097236
1 0.034875 0.966622 0.06975 0.066755
0 0.989462 0.840103 0.021075 0.106985
0 0.178247 0.531271 0.132526 0.106579
0 0.785675 0.691334 0.140972 0.09952
0 0.932638 0.710782 0.134724 0.099222
0 0.038941 0.525169 0.077882 0.096996
0 0.484946 0.675416 0.13224 0.095765
6 0.830469 0.573138 0.152435 0.102514
6 0.678062 0.44573 0.175275 0.124141
6 0.321194 0.662642 0.1306 0.106078
1 0.690651 0.998854 0.144265 0.002292
6 0.972967 0.44441 0.054065 0.117054
3 0.299048 0.786982 0.150963 0.097333
7 0.057083 0.078172 0.114166 0.156344
7 0.930155 0.095014 0.13969 0.190027
4 0.845326 0.994586 0.172747 0.010828
11 0.20627 0.076207 0.18029 0.152415
8 0.737907 0.274681 0.167518 0.139867
6 0.049549 0.234863 0.099098 0.123111
8 0.549042 0.268557 0.173888 0.146497
9 0.58646 0.093128 0.182029 0.186256
3 0.437065 0.908969 0.129399 0.0781
2 0.150638 0.89817 0.136719 0.094634
6 0.211623 0.263124 0.147905 0.117692
