7 0.923751 0.066729 0.105123 0.097377
0 0.940136 0.796857 0.096939 0.111338
11 0.355705 0.30789 0.098044 0.118048
7 0.091559 0.053914 0.131908 0.107827
6 0.088326 0.182893 0.098586 0.09742
6 0.918992 0.191379 0.095718 0.088805
8 0.475408 0.199624 0.112605 0.102573
6 0.222092 0.176289 0.083122 0.092019
6 0.806211 0.186903 0.08888 0.095257
6 0.692799 0.188379 0.082826 0.095226
0 0.212801 0.576809 0.111482 0.101034
3 0.837201 0.667759 0.127289 0.105694
10 0.456785 0.555878 0.101317 0.128905
1 0.205685 0.837853 0.126476 0.149051
6 0.349369 0.183791 0.080742 0.092009
0 0.701178 0.681229 0.096832 0.114333
2 0.349343 0.945703 0.097292 0.108595
2 0.217728 0.428207 0.105228 0.101825
0 0.344242 0.824997 0.10168 0.117654
0 0.817775 0.803457 0.093564 0.108517
9 0.581771 0.061452 0.101675 0.1111
4 0.826822 0.932298 0.121051 0.135404
