1 0.051793 0.057197 0.103586 0.114394
1 0.939325 0.939675 0.12135 0.12065
0 0.061716 0.785401 0.108959 0.11282
0 0.18473 0.554069 0.11165 0.104576
0 0.322187 0.805483 0.113117 0.090222
0 0.560395 0.688052 0.106813 0.126537
0 0.677276 0.573051 0.098161 0.105353
0 0.796277 0.56979 0.10027 0.107073
0 0.943464 0.827313 0.112833 0.097612
11 0.42534 0.302212 0.117118 0.148996
8 0.657737 0.062798 0.098757 0.125596
7 0.924074 0.059255 0.125518 0.118509
4 0.557264 0.948104 0.108301 0.103792
9 0.829734 0.314885 0.146851 0.137649
6 0.537041 0.446051 0.090887 0.090059
6 0.811515 0.448033 0.105427 0.080636
6 0.92939 0.173476 0.102834 0.113543
