11 0.094587 0.000515 0.108329 0.00103
11 0.73143 0.275136 0.108329 0.147721
10 0.417933 0.002156 0.124742 0.004312
7 0.003798 0.002156 0.007596 0.004312
0 0.003798 0.91362 0.007595 0.131308
6 0.999485 0.102794 0.00103 0.118176
8 0.736354 0.000515 0.131308 0.00103
8 0.26857 0.000515 0.128025 0.00103
6 0.887358 0.096228 0.105046 0.111612
0 0.106076 0.91362 0.111612 0.124742
6 0.265287 0.106076 0.101763 0.111612
6 0.109359 0.101153 0.105046 0.114895
6 0.733071 0.099511 0.105046 0.118176
6 0.419574 0.099511 0.101763 0.118176
0 0.424499 0.907054 0.105046 0.124742
6 0.577143 0.101153 0.101763 0.114895
0 0.265287 0.920185 0.108329 0.124742
3 0.252157 0.754409 0.114895 0.147721
0 0.739637 0.907054 0.111612 0.124742
9 0.583709 0.003798 0.134591 0.007595
0 0.892283 0.903772 0.121459 0.131308
0 0.570578 0.903772 0.114895 0.131308
