0 0.109781 0.820307 0.098156 0.086825
1 0.111608 0.93938 0.113762 0.109229
0 0.230987 0.813546 0.086156 0.086156
0 0.689075 0.781974 0.086022 0.083756
0 0.926352 0.762721 0.090956 0.086424
0 0.554925 0.448785 0.086156 0.086156
6 0.89522 0.183026 0.088958 0.09349
1 0.946318 0.89859 0.107364 0.111763
0 0.79041 0.764284 0.08389 0.088422
6 0.434384 0.445878 0.081088 0.081088
3 0.811778 0.909955 0.088432 0.126958
0 0.445878 0.565616 0.081355 0.085888
6 0.548365 0.331179 0.086424 0.090956
0 0.330496 0.676782 0.083622 0.083622
6 0.769348 0.192455 0.081489 0.088289
6 0.077646 0.222611 0.086424 0.090956
8 0.315428 0.082949 0.092696 0.117625
6 0.202786 0.22165 0.081757 0.093088
6 0.666343 0.201811 0.081356 0.085888
7 0.064215 0.08974 0.114297 0.11883
2 0.351285 0.919992 0.089627 0.105491
7 0.892522 0.053816 0.109497 0.107632
11 0.422531 0.2118 0.094025 0.098558
3 0.466198 0.800426 0.087227 0.105357
5 0.471424 0.915699 0.094962 0.115359
11 0.189288 0.087578 0.0911 0.131892
2 0.447767 0.664222 0.088824 0.09109
8 0.645311 0.06291 0.095632 0.12582
10 0.423434 0.076925 0.098032 0.127493
4 0.578899 0.921741 0.093098 0.124825
6 0.322176 0.441303 0.083622 0.083622
9 0.531506 0.073324 0.099237 0.146647
