1 0.060096 0.929087 0.115385 0.127404
1 0.913462 0.929087 0.125000 0.117788
0 0.066106 0.787260 0.098558 0.093750
0 0.191106 0.804087 0.093750 0.088942
0 0.316106 0.805288 0.084135 0.086538
0 0.549279 0.691106 0.088942 0.088942
0 0.667067 0.811298 0.093750 0.088942
0 0.788462 0.816106 0.096154 0.093750
0 0.912260 0.818510 0.103365 0.103365
3 0.551683 0.439904 0.088942 0.120192
11 0.799279 0.064904 0.088942 0.125000
8 0.319712 0.068510 0.096154 0.117788
8 0.675481 0.060096 0.100962 0.115385
7 0.913462 0.067308 0.120192 0.129808
5 0.319712 0.318510 0.100962 0.103365
4 0.537260 0.943510 0.103365 0.112981
9 0.068510 0.066106 0.122596 0.127404
6 0.070913 0.325721 0.093750 0.084135
6 0.195913 0.449519 0.088942 0.086538
6 0.555288 0.204327 0.086538 0.096154
6 0.793269 0.206731 0.086538 0.096154
6 0.912260 0.182692 0.093750 0.096154
