11 0.33774 0.330529 0.084135 0.103365
7 0.917067 0.081731 0.112981 0.100962
0 0.917067 0.801683 0.088942 0.088942
6 0.088942 0.211538 0.081731 0.076923
6 0.907452 0.209135 0.088942 0.086538
6 0.213942 0.209135 0.076923 0.081731
7 0.088942 0.08774 0.115385 0.103365
6 0.784856 0.204327 0.084135 0.081731
6 0.670673 0.205529 0.076923 0.084135
10 0.204327 0.823317 0.105769 0.141827
8 0.450721 0.22476 0.09375 0.088942
0 0.205529 0.576923 0.088942 0.086538
6 0.329327 0.213942 0.076923 0.081731
3 0.810096 0.673077 0.115385 0.096154
2 0.205529 0.441106 0.09375 0.088942
0 0.671875 0.685096 0.088942 0.091346
9 0.558894 0.085337 0.098558 0.103365
0 0.328125 0.807692 0.084135 0.096154
2 0.322115 0.447115 0.091346 0.091346
4 0.680288 0.814904 0.105769 0.139423
0 0.78726 0.800481 0.088942 0.096154
