7 0.920815 0.035894 0.132155 0.071789
11 0.322592 0.295821 0.103909 0.113113
0 0.943714 0.787431 0.107308 0.098811
4 0.694388 0.925995 0.1182 0.14801
7 0.064574 0.044143 0.129149 0.088285
6 0.061551 0.163978 0.103197 0.101666
6 0.916362 0.15664 0.092951 0.103872
6 0.188513 0.161598 0.079794 0.1047
6 0.785138 0.151717 0.089632 0.080897
0 0.181904 0.563309 0.102314 0.12331
6 0.663188 0.156588 0.088861 0.09467
8 0.432994 0.170269 0.107431 0.092293
6 0.311708 0.167164 0.084318 0.100197
1 0.180866 0.814799 0.113674 0.144723
3 0.823731 0.650972 0.144684 0.11741
0 0.678783 0.663798 0.093516 0.106552
9 0.541455 0.045004 0.088828 0.090008
10 0.31364 0.676899 0.109126 0.144945
2 0.177867 0.406923 0.103586 0.106884
2 0.323239 0.932291 0.093953 0.135418
0 0.322594 0.796576 0.098074 0.118125
8 0.822651 0.921508 0.126931 0.150039
0 0.806494 0.779382 0.106372 0.121819
