0 0.007729 0.852096 0.015459 0.177597
0 0.134361 0.507509 0.132367 0.167212
0 0.292124 0.902919 0.122189 0.170887
0 0.591445 0.759925 0.108968 0.151298
0 0.840467 0.624245 0.095132 0.139051
0 0.722384 0.937304 0.109609 0.125392
0 0.963505 0.954207 0.07299 0.091586
11 0.702705 0.248461 0.08763 0.179648
8 0.697987 0.017735 0.113576 0.035469
7 0.938069 0.061076 0.109583 0.122152
5 0.591137 0.25936 0.128656 0.176352
9 0.849258 0.303559 0.127802 0.166226
6 0.588018 0.090037 0.107804 0.158975
6 0.94902 0.162107 0.093041 0.149395
6 0.83778 0.465415 0.094556 0.140888
