0 0.552885 0.448317 0.086538 0.079327
1 0.086538 0.914663 0.110577 0.103365
0 0.909856 0.674279 0.088942 0.088942
0 0.664663 0.552885 0.079327 0.081731
0 0.776442 0.558894 0.081731 0.084135
0 0.091346 0.439904 0.086538 0.081731
0 0.445913 0.552885 0.079327 0.076923
6 0.78726 0.31851 0.079327 0.084135
6 0.675481 0.441106 0.076923 0.084135
11 0.444712 0.194712 0.081731 0.110577
7 0.08774 0.069712 0.112981 0.125
6 0.913462 0.206731 0.086538 0.091346
6 0.223558 0.206731 0.081731 0.091346
4 0.68149 0.91226 0.09375 0.112981
6 0.552885 0.334135 0.081731 0.086538
6 0.08774 0.194712 0.09375 0.091346
9 0.554087 0.069712 0.09375 0.134615
2 0.31851 0.435096 0.084135 0.086538
