0 0.926048 0.757272 0.147904 0.127012
0 0.395649 0.527439 0.127376 0.132831
0 0.735509 0.624453 0.141085 0.141669
0 0.552207 0.640997 0.136649 0.127218
0 0.28836 0.673177 0.109546 0.104246
1 0.048655 0.976767 0.097309 0.046467
6 0.006065 0.308106 0.012129 0.150792
0 0.01682 0.814205 0.03364 0.069821
6 0.968297 0.016572 0.063406 0.033144
6 0.760966 0.221338 0.195078 0.230456
6 0.377085 0.356026 0.12047 0.17559
6 0.263209 0.551954 0.1097 0.128138
6 0.560908 0.478323 0.145793 0.148283
5 0.205948 0.913686 0.103379 0.100695
3 0.435459 0.913639 0.118155 0.096436
2 0.234197 0.980613 0.104561 0.038775
1 0.585091 0.988766 0.12966 0.022469
10 0.151101 0.073252 0.182134 0.146503
11 0.023704 0.459698 0.047408 0.139587
2 0.307969 0.79505 0.111139 0.083976
9 0.308109 0.031771 0.179422 0.063541
0 0.036412 0.572646 0.072825 0.123534
8 0.19045 0.211822 0.162451 0.214334
8 0.358547 0.138954 0.155321 0.242569
4 0.752052 0.986377 0.187774 0.027245
3 0.075281 0.813482 0.128602 0.088458
