0 0.612167 0.414855 0.136881 0.057971
0 0.788973 0.492753 0.125475 0.061594
0 0.948669 0.496377 0.102662 0.065217
0 0.444867 0.492753 0.121673 0.061594
8 0.264258 0.137681 0.140684 0.086957
6 0.79848 0.406703 0.121673 0.063406
6 0.612167 0.327898 0.129278 0.061594
11 0.070342 0.317029 0.140685 0.06884
6 0.956274 0.316123 0.087452 0.063406
6 0.437262 0.415761 0.121673 0.059783
1 0.794677 0.769022 0.144487 0.074276
3 0.612167 0.674819 0.136881 0.074276
11 0.06654 0.125906 0.13308 0.081522
8 0.621673 0.228261 0.125475 0.076087
2 0.439163 0.580616 0.133081 0.067029
4 0.952472 0.763587 0.095057 0.088768
6 0.083651 0.230978 0.136881 0.067029
7 0.809885 0.126812 0.144487 0.086957
9 0.604563 0.128623 0.136881 0.105072
2 0.068441 0.677536 0.136881 0.076087
3 0.062738 0.582428 0.125475 0.063406
0 0.076046 0.403986 0.129278 0.061594
