6 0.824349 0.40114 0.127236 0.127407
6 0.908237 0.478613 0.133857 0.134369
6 0.966842 0.562449 0.066315 0.133686
0 0.416408 0.834379 0.115268 0.11561
0 0.502799 0.910874 0.117222 0.117051
0 0.599168 0.96979 0.120959 0.06042
2 0.073515 0.704486 0.147031 0.152199
2 0.341487 0.930995 0.145655 0.138011
8 0.633598 0.065402 0.140476 0.130805
8 0.913913 0.303879 0.148709 0.150075
3 0.021086 0.61276 0.042173 0.151857
3 0.426987 0.966207 0.155499 0.067585
11 0.965332 0.383979 0.069335 0.167563
11 0.556709 0.025732 0.162118 0.051464
10 0.74427 0.145625 0.161435 0.164509
9 0.827815 0.216307 0.165172 0.167563
5 0.153976 0.776951 0.160506 0.162043
4 0.245802 0.859981 0.151591 0.153982
6 0.388228 0.032335 0.122229 0.06467
6 0.469697 0.083701 0.120446 0.120617
6 0.557151 0.164398 0.127407 0.127236
6 0.64872 0.242336 0.118663 0.119005
6 0.725012 0.321041 0.120446 0.120617
0 0.02136 0.442693 0.042719 0.121888
0 0.074065 0.524831 0.125624 0.125624
0 0.154644 0.604172 0.1224 0.122059
0 0.254996 0.670604 0.122571 0.121888
0 0.330529 0.768069 0.120788 0.120275
