11 0.317308 0.068871 0.061538 0.121212
11 0.790384 0.068871 0.065385 0.126722
7 0.888461 0.064738 0.08077 0.123967
0 0.890384 0.892562 0.06923 0.104683
1 0.223077 0.984848 0.076923 0.030304
5 0.510577 0.984848 0.071154 0.030304
6 0.225961 0.21763 0.063462 0.088154
8 0.420192 0.078512 0.075 0.101928
7 0.223077 0.075757 0.088462 0.112948
0 0.234616 0.895317 0.06923 0.110193
6 0.782692 0.205234 0.061538 0.096419
6 0.881731 0.214876 0.071154 0.099173
10 0.507692 0.075757 0.073077 0.107438
0 0.324039 0.898071 0.063462 0.099173
6 0.325961 0.213499 0.059615 0.096419
6 0.418269 0.21763 0.059615 0.093664
6 0.508654 0.212121 0.059615 0.099173
2 0.700961 0.984849 0.071154 0.030302
6 0.691346 0.210744 0.063462 0.096419
6 0.601923 0.214876 0.057692 0.093664
0 0.5125 0.889807 0.063462 0.104683
4 0.604808 0.983471 0.071154 0.033059
8 0.694231 0.073003 0.076923 0.107438
0 0.695192 0.889807 0.063462 0.104683
1 0.893269 0.980717 0.082692 0.038567
0 0.418269 0.900826 0.063462 0.104683
0 0.785577 0.887052 0.071154 0.110193
3 0.410577 0.763085 0.067308 0.121212
9 0.601923 0.075757 0.076923 0.112948
0 0.597116 0.887052 0.067308 0.110193
3 0.792308 0.993113 0.06923 0.013774
2 0.423077 0.988981 0.06923 0.022039
