1 0.317383 0.094433 0.09635 0.116516
1 0.885401 0.898845 0.116516 0.112035
0 0.096674 0.767764 0.09411 0.087387
0 0.213191 0.561619 0.085146 0.082906
0 0.328587 0.783449 0.082906 0.087387
0 0.547055 0.677015 0.080665 0.085146
0 0.765523 0.561619 0.082906 0.087387
0 0.656849 0.791291 0.085146 0.085146
0 0.885401 0.795773 0.089628 0.085146
11 0.651248 0.318503 0.078425 0.107554
8 0.651248 0.094433 0.09635 0.116516
7 0.885401 0.098915 0.107554 0.125479
5 0.549296 0.342031 0.09411 0.100831
4 0.534731 0.908928 0.100831 0.114276
9 0.78905 0.331948 0.107554 0.107554
6 0.550416 0.225514 0.082906 0.087387
6 0.88428 0.204227 0.087387 0.085146
6 0.775606 0.451825 0.080665 0.078425
