1 0.679907 0.791667 0.121495 0.099593
0 0.011682 0.68496 0.023365 0.077236
0 0.101636 0.685976 0.091121 0.075203
0 0.328271 0.590447 0.086448 0.075203
0 0.44042 0.69004 0.091121 0.075203
0 0.557243 0.696138 0.086448 0.079268
0 0.679907 0.696138 0.093458 0.079268
3 0.330608 0.367887 0.081776 0.097561
3 0.557243 0.802846 0.095795 0.097561
11 0.57243 0.060976 0.088785 0.105691
8 0.32944 0.288618 0.088785 0.081301
8 0.435748 0.065041 0.095795 0.113821
7 0.679907 0.063008 0.121495 0.109756
5 0.204439 0.582317 0.095795 0.087398
4 0.320093 0.800813 0.098131 0.101626
9 0.087617 0.156504 0.100467 0.109756
6 0.011682 0.275407 0.023364 0.075203
6 0.334112 0.180895 0.079439 0.077236
6 0.442757 0.182927 0.081776 0.077236
6 0.561916 0.179878 0.091121 0.079268
6 0.679907 0.164634 0.088785 0.085366
