1 0.051118 0.829762 0.102236 0.102381
0 0.047923 0.711905 0.095847 0.080952
0 0.193291 0.709524 0.105431 0.076191
0 0.803514 0.707143 0.105431 0.080952
3 0.950479 0.840476 0.099041 0.119048
0 0.942492 0.692857 0.102236 0.080952
0 0.495208 0.589286 0.108626 0.083333
0 0.341853 0.705952 0.108626 0.083333
6 0.204473 0.12619 0.102236 0.085714
8 0.361022 0.025 0.115016 0.05
6 0.952077 0.125 0.095847 0.083333
6 0.044728 0.117857 0.089457 0.083333
6 0.490415 0.360714 0.099042 0.078571
7 0.051118 0.022619 0.102236 0.045238
0 0.653355 0.480952 0.105431 0.080952
6 0.816294 0.127381 0.099041 0.083333
11 0.961661 0.028571 0.076677 0.057143
6 0.653355 0.25119 0.105431 0.083333
6 0.346645 0.121429 0.099042 0.080952
8 0.819489 0.025 0.118211 0.05
2 0.348243 0.82381 0.108626 0.1
2 0.801917 0.82381 0.115016 0.1
10 0.503195 0.027381 0.124601 0.054762
3 0.507987 0.710714 0.108626 0.097619
11 0.194888 0.028571 0.115016 0.057143
4 0.646965 0.839286 0.105431 0.116667
5 0.507987 0.82381 0.134185 0.104762
9 0.654952 0.030952 0.115016 0.061905
