7 0.917067 0.086538 0.112981 0.091346
0 0.917067 0.801683 0.088942 0.088942
11 0.337740 0.328125 0.084135 0.103365
4 0.677885 0.931490 0.105769 0.137019
7 0.088942 0.088942 0.115385 0.100962
6 0.088942 0.211538 0.081731 0.076923
8 0.448317 0.224760 0.093750 0.088942
6 0.908654 0.209135 0.086538 0.086538
6 0.213942 0.209135 0.076923 0.081731
6 0.786058 0.204327 0.081731 0.081731
6 0.669471 0.204327 0.079327 0.081731
0 0.207933 0.578125 0.084135 0.084135
6 0.329327 0.213942 0.076923 0.081731
3 0.805288 0.668269 0.125000 0.100962
0 0.671875 0.687500 0.084135 0.096154
1 0.203125 0.813702 0.098558 0.122596
0 0.329327 0.807692 0.081731 0.096154
10 0.449519 0.931490 0.091346 0.137019
2 0.205529 0.441106 0.093750 0.088942
9 0.558894 0.087740 0.098558 0.103365
2 0.334135 0.930288 0.086538 0.125000
0 0.787260 0.794471 0.093750 0.093750
