11 0.354545 0.290932 0.09091 0.108312
7 0.95974 0.041562 0.08052 0.083124
0 0.966234 0.784635 0.067533 0.093199
6 0.085714 0.166246 0.088312 0.080604
6 0.961039 0.163728 0.077922 0.09068
6 0.220779 0.163728 0.083117 0.085643
7 0.085714 0.04534 0.124676 0.090679
6 0.837663 0.15869 0.09091 0.085643
6 0.714286 0.15995 0.083117 0.088162
10 0.21039 0.807304 0.114285 0.148615
8 0.476623 0.180101 0.101299 0.093199
0 0.211688 0.549118 0.096104 0.09068
6 0.345455 0.168765 0.083117 0.085643
3 0.864935 0.649874 0.124676 0.100756
2 0.211688 0.406801 0.101299 0.093199
0 0.715584 0.662468 0.096104 0.095718
9 0.593506 0.044081 0.106494 0.088161
0 0.344156 0.790932 0.090909 0.100756
2 0.337662 0.413098 0.098701 0.095718
4 0.724675 0.798489 0.114285 0.146096
0 0.84026 0.783376 0.096104 0.100756
