6 0.913462 0.206731 0.086538 0.091346
0 0.555288 0.447115 0.081731 0.076923
0 0.90625 0.782452 0.086538 0.079327
1 0.085337 0.914663 0.108173 0.103365
0 0.447115 0.550481 0.076923 0.081731
0 0.772837 0.778846 0.079327 0.086538
0 0.090144 0.674279 0.084135 0.079327
0 0.209135 0.796875 0.081731 0.084135
0 0.664663 0.552885 0.079327 0.081731
6 0.786058 0.203125 0.076923 0.084135
6 0.44351 0.450721 0.079327 0.084135
8 0.336538 0.069712 0.086538 0.115385
6 0.555288 0.334135 0.081731 0.081731
6 0.675481 0.441106 0.076923 0.084135
6 0.091346 0.198317 0.086538 0.084135
1 0.670673 0.921875 0.086538 0.103365
7 0.08774 0.069712 0.112981 0.125
5 0.319712 0.793269 0.086538 0.100962
2 0.326923 0.911058 0.086538 0.100962
11 0.316106 0.314904 0.09375 0.091346
11 0.206731 0.319712 0.096154 0.091346
3 0.445913 0.800481 0.084135 0.091346
3 0.552885 0.796875 0.081731 0.09375
10 0.444712 0.070913 0.096154 0.122596
9 0.793269 0.06851 0.100962 0.132212
2 0.445913 0.668269 0.084135 0.086538
8 0.563702 0.205529 0.079327 0.098558
6 0.21875 0.205529 0.072115 0.088942
7 0.680288 0.06851 0.091346 0.122596
4 0.796875 0.918269 0.103365 0.120192
