11 0.29772 0.320878 0.130831 0.118951
5 0.35196 0.945406 0.164676 0.109188
11 0.826084 0.265244 0.185615 0.173701
0 0.992607 0.824395 0.014786 0.123379
6 0.019799 0.235986 0.039599 0.107275
2 0.677345 0.946949 0.169211 0.106102
4 0.514111 0.943348 0.149538 0.113304
7 0.03968 0.093331 0.079359 0.164332
0 0.364566 0.833982 0.144357 0.099757
0 0.559838 0.566623 0.159579 0.106872
8 0.334623 0.052753 0.162797 0.105506
10 0.496362 0.0473 0.184882 0.0946
0 0.07733 0.836919 0.110631 0.089197
6 0.867942 0.083803 0.188884 0.153865
8 0.898408 0.004312 0.203184 0.008625
0 0.697493 0.822145 0.157981 0.104262
6 0.997138 0.061671 0.005723 0.123341
6 0.305545 0.185863 0.129613 0.127482
6 0.157863 0.206163 0.138921 0.122199
6 0.470871 0.147417 0.144195 0.150745
6 0.665735 0.117852 0.162041 0.146825
0 0.212848 0.84092 0.111151 0.108983
1 0.975394 0.945435 0.049211 0.109129
0 0.884096 0.826524 0.17701 0.122062
3 0.225828 0.714818 0.146018 0.126472
9 0.695011 0.03018 0.215851 0.06036
3 0.518034 0.843792 0.160327 0.14307
2 0.210276 0.947393 0.127808 0.105214
