7 0.8676105638056005 0.8260355744748199 0.07813381306099168 0.13910224924104853
7 0.7322378059434799 0.09263788522740803 0.05726054820102451 0.11362410872545421
10 0.7094337899570936 0.43845607599272285 0.06918977709669222 0.1774519025730765
9 0.777068343529337 0.3202768585662889 0.08523437000362058 0.2016721774469925
11 0.827189105265854 0.5756160052391558 0.07570898726179902 0.13787235488174782
11 0.6059695904071544 0.36274806572244384 0.06373171578326114 0.1401363446237059
8 0.7432378471517278 0.17207669343384152 0.060146926197838284 0.1412963107770626
8 0.5144346197528827 0.350867849299787 0.051754444304723125 0.14240033436566407
6 0.7558946565877936 0.8283406790750304 0.0633540821670254 0.1185017292390905
6 0.6853384727747702 0.366074964194751 0.04876316808117746 0.1087185169294403
6 0.5705175780456938 0.19049545341034607 0.047645163585639895 0.11351222359594373
6 0.49680774038398173 0.09831016109286404 0.045094459914368966 0.1050707907751046
6 0.5059852822159058 0.2798704739141927 0.04635932192733131 0.10869054564706268
6 0.5297537381336781 0.4712139990451716 0.04998607080344678 0.10993442564755213
6 0.6024714491719314 0.5754045364906956 0.051292892107102014 0.11595802667335639
6 0.5458010608094207 0.7021230862262904 0.05506649850064253 0.12561536821230737
4 0.14558500936274563 0.4234833487367124 0.08044765734127471 0.20281815795916047
3 0.3401557735990366 0.34883993132741054 0.06255077235168444 0.14132428205944023
3 0.14455973650958548 0.5712779302746844 0.0733261207532993 0.13904630667629328
1 0.34348818368575346 0.815130142608809 0.07104815247153162 0.14622987385545427
1 0.17591525849086656 0.09577791797237654 0.05386457542371952 0.12560138257111855
2 0.16382700549341914 0.16052792207314587 0.05909186063834012 0.14969578667433533
2 0.1298937169033432 0.6948802082211181 0.06626143980918577 0.14737585436762182
5 0.25761288149193456 0.23251827798314528 0.07271162774607581 0.17268616718895055
0 0.2554458947290764 0.17721583080349493 0.043976455418831537 0.10986449744160814
0 0.24530874874884562 0.3537446810581104 0.047540265358907874 0.10750260821132834
0 0.39936805257182684 0.09236963184887863 0.04756124500425439 0.10870453128825146
0 0.4059109721510942 0.2606808195416758 0.05002803009413981 0.11233827180139827
0 0.24595303446240707 0.4594999261861524 0.053570860388869705 0.10877445949419541
0 0.2369278096855363 0.6997306995176908 0.05726054820102458 0.11362410872545435
0 0.4482443081861789 0.8271642010845427 0.05858834915002612 0.12084963282818141
0 0.4248595691768194 0.5889596615947527 0.05369673826094817 0.11598599795573386
