7 0.919471 0.084135 0.117788 0.096154
0 0.917067 0.801683 0.088942 0.088942
7 0.088942 0.088942 0.115385 0.100962
6 0.088942 0.211538 0.081731 0.076923
6 0.908654 0.209135 0.086538 0.086538
10 0.336538 0.806490 0.091346 0.132212
6 0.786058 0.201923 0.076923 0.081731
6 0.213942 0.209135 0.076923 0.081731
6 0.670673 0.205529 0.076923 0.084135
6 0.332933 0.217548 0.084135 0.088942
0 0.669471 0.688702 0.084135 0.088942
2 0.205529 0.438702 0.093750 0.088942
4 0.683894 0.814904 0.103365 0.139423
2 0.209135 0.572115 0.091346 0.091346
8 0.450721 0.223558 0.088942 0.086538
0 0.788462 0.796875 0.086538 0.098558
9 0.561298 0.086538 0.098558 0.105769
3 0.567308 0.806490 0.105769 0.108173
