8 0.39765625 0.2125 0.07734375 0.08671875
6 0.1984375 0.346875 0.07734375 0.05859375
6 0.28671875 0.4046875 0.07109375 0.05546875
6 0.46328125 0.40859375 0.0703125 0.059375
6 0.55703125 0.34453125 0.06875 0.06484375
6 0.75390625 0.26953125 0.06796875 0.07109375
6 0.84296875 0.26796875 0.06875 0.071875
6 0.3875 0.28515625 0.0703125 0.0640625
4 0.76640625 0.72265625 0.078125 0.05859375
9 0.75546875 0.18828125 0.06640625 0.10703125
0 0.3484375 0.5421875 0.07578125 0.05078125
0 0.3484375 0.6265625 0.078125 0.04765625
0 0.646875 0.6296875 0.08046875 0.05703125
0 0.75625 0.6328125 0.084375 0.059375
0 0.884375 0.64296875 0.08203125 0.05703125
0 0.565625 0.4078125 0.06640625 0.05703125
0 0.15390625 0.6171875 0.0890625 0.04921875
1 0.65390625 0.71875 0.06875 0.05625
1 0.12109375 0.7 0.11328125 0.05078125
5 0.4296875 0.70234375 0.09765625 0.0625
7 0.2109375 0.22109375 0.08984375 0.07890625
7 0.6609375 0.20859375 0.0734375 0.0875
2 0.2546875 0.54453125 0.1 0.059375
2 0.64921875 0.475 0.06640625 0.06640625
10 0.48046875 0.2046875 0.075 0.09609375
11 0.37265625 0.33125 0.07734375 0.07734375
