7 0.890522 0.109478 0.10579 0.092285
11 0.348068 0.34019 0.07878 0.094536
0 0.890522 0.782482 0.083281 0.083281
7 0.112854 0.115105 0.108041 0.094536
4 0.665438 0.901777 0.096786 0.1328
6 0.113979 0.228773 0.074278 0.074278
6 0.882644 0.227648 0.08103 0.08103
8 0.341315 0.120732 0.092285 0.083281
6 0.231023 0.227648 0.069776 0.076529
6 0.767851 0.220895 0.072027 0.076529
6 0.65981 0.224271 0.072027 0.07878
0 0.660936 0.673315 0.07878 0.085532
0 0.224271 0.569776 0.07878 0.076529
3 0.786983 0.660936 0.114793 0.092285
1 0.223146 0.790359 0.090034 0.117044
6 0.339064 0.229898 0.069776 0.076529
10 0.337939 0.680068 0.090034 0.126047
0 0.34019 0.788108 0.076529 0.090034
2 0.343566 0.906278 0.083281 0.114793
2 0.223146 0.442603 0.085532 0.083281
9 0.555146 0.111729 0.092285 0.096786
8 0.781356 0.892773 0.090034 0.114793
0 0.768977 0.780231 0.083281 0.092285
