1 0.205479 0.947205 0.131507 0.10559
0 0.213699 0.784162 0.104109 0.108696
0 0.354795 0.804348 0.095891 0.118012
0 0.497261 0.805901 0.112329 0.114907
0 0.767124 0.659938 0.109589 0.108696
0 0.89863 0.815217 0.09863 0.108696
0 0.993151 0.819876 0.013698 0.118012
3 0.621918 0.5 0.104109 0.155279
3 0.990411 0.958075 0.019178 0.08385
5 0.624658 0.945652 0.115069 0.108695
4 0.757534 0.951864 0.117808 0.096273
6 0.219178 0.046584 0.109589 0.093168
6 0.364383 0.175466 0.09863 0.102485
6 0.768494 0.045031 0.095891 0.090062
6 0.9 0.046584 0.095891 0.093168
6 0.993151 0.046584 0.013699 0.093168
