0 0.90625 0.201923 0.096154 0.081731
1 0.91226 0.082933 0.108173 0.103365
0 0.786058 0.203125 0.081731 0.079327
0 0.092548 0.213942 0.088942 0.081731
0 0.22476 0.222356 0.079327 0.084135
6 0.08774 0.793269 0.084135 0.091346
0 0.442308 0.550481 0.081731 0.076923
6 0.776442 0.794471 0.076923 0.088942
0 0.324519 0.206731 0.076923 0.076923
6 0.561298 0.558894 0.079327 0.084135
6 0.442308 0.665865 0.081731 0.086538
6 0.213942 0.792067 0.076923 0.084135
0 0.679087 0.332933 0.079327 0.079327
1 0.074519 0.076923 0.105769 0.105769
0 0.557692 0.442308 0.076923 0.081731
6 0.907452 0.800481 0.084135 0.086538
6 0.317308 0.788462 0.076923 0.081731
8 0.661058 0.926683 0.086538 0.108173
11 0.683894 0.683894 0.09375 0.09375
11 0.561298 0.792067 0.088942 0.09375
2 0.670673 0.088942 0.086538 0.100962
7 0.082933 0.930288 0.108173 0.110577
7 0.909856 0.930288 0.112981 0.125
5 0.551683 0.088942 0.088942 0.110577
3 0.550481 0.203125 0.081731 0.09375
8 0.330529 0.926683 0.088942 0.117788
3 0.444712 0.203125 0.081731 0.09375
10 0.552885 0.926683 0.091346 0.122596
2 0.560096 0.338942 0.086538 0.086538
4 0.444712 0.074519 0.091346 0.120192
9 0.439904 0.927885 0.086538 0.139423
6 0.671875 0.566106 0.084135 0.079327
