7 0.815056 0.255784 0.087361 0.105399
0 0.815056 0.988432 0.068773 0.023136
0 0.619888 0.759641 0.065056 0.089975
7 0.174721 0.260925 0.08922 0.110539
6 0.80855 0.390746 0.066914 0.092545
6 0.173792 0.392031 0.061338 0.084833
8 0.272305 0.632391 0.079925 0.092544
6 0.270446 0.390746 0.057621 0.087404
10 0.534387 0.982005 0.068773 0.03599
6 0.61896 0.640103 0.059479 0.087404
6 0.710967 0.385604 0.061338 0.087404
6 0.360595 0.397172 0.059479 0.095115
9 0.539033 0.25964 0.078067 0.11311
2 0.271375 0.786632 0.070632 0.092545
4 0.724907 0.910026 0.096654 0.133676
0 0.715614 0.985861 0.070632 0.028277
