0 0.025335 0.983389 0.05067 0.033221
0 0.39094 0.816276 0.148323 0.152685
0 0.965939 0.965939 0.068121 0.068121
0 0.811913 0.979027 0.14396 0.041947
0 0.181543 0.976845 0.148323 0.04631
0 0.604697 0.408389 0.148323 0.139597
6 0.386577 0.395303 0.139597 0.139597
6 0.029698 0.023154 0.059396 0.046309
6 0.974665 0.020973 0.05067 0.041946
6 0.604697 0.198994 0.148323 0.157046
6 0.829362 0.025335 0.135235 0.05067
3 0.408389 0.974664 0.148323 0.050671
11 0.386577 0.018792 0.183222 0.037584
6 0.19245 0.023154 0.152685 0.046309
