0 0.563904 0.460553 0.097214 0.093134
1 0.046905 0.857209 0.093811 0.122027
0 0.881133 0.730419 0.100612 0.100612
0 0.767563 0.598877 0.093134 0.097214
0 0.657923 0.575951 0.090075 0.092116
0 0.10512 0.382959 0.099594 0.093474
0 0.441366 0.545055 0.089396 0.087356
8 0.614305 0.932742 0.108088 0.12033
6 0.68204 0.466481 0.088035 0.094156
6 0.810864 0.36345 0.092795 0.094835
7 0.153325 0.040276 0.124743 0.080551
6 0.950726 0.268067 0.098548 0.102653
2 0.740276 0.109347 0.101288 0.121691
6 0.26554 0.169097 0.088714 0.098915
4 0.731763 0.943077 0.121345 0.113846
11 0.269254 0.047065 0.113188 0.094129
6 0.58071 0.342756 0.092795 0.094835
6 0.137371 0.139885 0.105712 0.103671
9 0.507739 0.072199 0.109443 0.144398
