1 0.304087 0.066106 0.103365 0.127404
1 0.913462 0.927885 0.125 0.120192
0 0.067308 0.789663 0.096154 0.088942
0 0.191106 0.804087 0.09375 0.09375
0 0.316106 0.802885 0.088942 0.086538
0 0.550481 0.685096 0.091346 0.086538
0 0.667067 0.810096 0.09375 0.096154
0 0.788462 0.817308 0.086538 0.086538
0 0.914663 0.808894 0.103365 0.084135
3 0.552885 0.438702 0.086538 0.122596
11 0.802885 0.066106 0.096154 0.127404
8 0.676683 0.064904 0.098558 0.125
7 0.91226 0.066106 0.117788 0.127404
5 0.31851 0.329327 0.103365 0.110577
4 0.543269 0.942308 0.100962 0.115384
9 0.177885 0.069712 0.115385 0.134615
6 0.070913 0.325721 0.088942 0.084135
6 0.198317 0.448317 0.084135 0.084135
6 0.552885 0.205529 0.081731 0.09375
6 0.913462 0.182692 0.086538 0.091346
6 0.796875 0.449519 0.09375 0.086538
