1 0.283692 0.996598 0.157575 0.006803
1 0.987516 0.71207 0.024967 0.156553
0 0.235621 0.947064 0.120622 0.105872
0 0.352409 0.903927 0.115115 0.115115
0 0.461713 0.853926 0.122533 0.123687
0 0.628524 0.652102 0.114984 0.118446
0 0.78572 0.70974 0.118313 0.118313
0 0.894448 0.661338 0.114094 0.11294
0 0.972586 0.608272 0.054828 0.125598
3 0.525588 0.421592 0.129553 0.142248
3 0.937339 0.776082 0.125322 0.15273
11 0.591262 0.031056 0.139903 0.062112
2 0.004159 0.308583 0.008318 0.151312
8 0.198009 0.317818 0.13417 0.137632
8 0.463462 0.058001 0.130311 0.116002
7 0.689242 0.008955 0.166146 0.017911
5 0.617112 0.919048 0.141454 0.149533
4 0.726152 0.879793 0.142476 0.151709
9 0.312506 0.253427 0.148607 0.164764
6 0.047897 0.519198 0.095794 0.118181
6 0.14825 0.460692 0.110897 0.109743
6 0.426409 0.213219 0.123554 0.125863
6 0.53245 0.16475 0.113962 0.11627
6 0.640288 0.108798 0.118181 0.121643
6 0.740397 0.048896 0.119467 0.097793
