1 0.052734 0.939822 0.105469 0.120356
3 0.168743 0.939821 0.091809 0.120357
3 0.799 0.949747 0.091809 0.100506
2 0.688581 0.944784 0.099253 0.110431
2 0.308938 0.939821 0.099253 0.120357
5 0.431763 0.941062 0.106697 0.117876
4 0.550867 0.946025 0.106697 0.10795
0 0.934233 0.823814 0.099253 0.091809
0 0.80024 0.823814 0.089327 0.081884
0 0.678656 0.821332 0.09429 0.096772
0 0.550867 0.812648 0.091809 0.09429
0 0.42432 0.808926 0.086847 0.091809
0 0.306456 0.816369 0.084365 0.086847
6 0.305216 0.203481 0.096772 0.091809
6 0.431763 0.203481 0.091809 0.096772
6 0.564515 0.201 0.084365 0.096772
6 0.678656 0.19976 0.084365 0.089327
6 0.805203 0.198519 0.089327 0.096772
7 0.931751 0.058938 0.119104 0.117876
7 0.071971 0.06266 0.116623 0.125319
8 0.310179 0.068249 0.101735 0.114141
8 0.672452 0.062045 0.101735 0.121585
11 0.813889 0.057697 0.096772 0.115394
9 0.560792 0.060179 0.101735 0.120357
10 0.440448 0.0639 0.09429 0.1278
