7 0.126025 0.089174 0.186746 0.149824
6 0.110664 0.249366 0.124546 0.102641
10 0.4093 0.902027 0.140993 0.157034
6 0.987834 0.215118 0.024333 0.095056
6 0.300511 0.240311 0.126517 0.115906
6 0.893386 0.225528 0.119196 0.092522
6 0.459128 0.244622 0.135643 0.107451
0 0.82577 0.739237 0.121608 0.110339
2 0.265117 0.510475 0.144413 0.124788
4 0.824477 0.870013 0.143831 0.163878
2 0.259207 0.672483 0.125817 0.124734
8 0.615879 0.248915 0.139196 0.108858
0 0.94469 0.834175 0.11062 0.127394
9 0.7752 0.083381 0.143668 0.141334
3 0.689708 0.875706 0.157757 0.132722
