7 0.948276 0.032998 0.103449 0.065995
11 0.314287 0.295188 0.102153 0.109889
1 0.028559 0.964771 0.057118 0.070458
11 0.690911 0.287353 0.109825 0.133183
5 0.433745 0.952548 0.11471 0.094903
2 0.720645 0.942298 0.120194 0.115405
0 0.967274 0.794239 0.065451 0.122653
6 0.031313 0.173804 0.062626 0.092082
0 0.43686 0.823455 0.111711 0.119431
0 0.035453 0.857589 0.070906 0.122087
8 0.300695 0.048841 0.116362 0.097682
4 0.579457 0.939971 0.110273 0.120058
7 0.043848 0.047639 0.087696 0.095277
0 0.551014 0.545077 0.0971 0.103822
6 0.950808 0.148502 0.098384 0.098749
6 0.820273 0.141815 0.093445 0.096633
10 0.427116 0.044404 0.105801 0.088807
0 0.151539 0.850752 0.117831 0.115638
6 0.301582 0.164294 0.089834 0.113889
6 0.1664 0.164207 0.090374 0.118097
6 0.688797 0.152532 0.08947 0.096546
6 0.562146 0.40773 0.100296 0.106178
8 0.691036 0.038763 0.108999 0.077525
6 0.430361 0.156296 0.087712 0.110678
1 0.965612 0.92881 0.068776 0.142379
3 0.282599 0.703751 0.104417 0.140316
0 0.69854 0.68173 0.10265 0.117924
0 0.296544 0.845685 0.092219 0.121231
0 0.841679 0.796345 0.103795 0.127924
9 0.557858 0.040466 0.116621 0.080932
3 0.566132 0.834162 0.107536 0.176874
2 0.301008 0.959901 0.119231 0.080197
