1 0.237324 0.989077 0.150108 0.021847
3 0.924117 0.815189 0.122812 0.136937
2 0.266956 0.394487 0.125942 0.12453
5 0.583059 0.924538 0.140525 0.150925
4 0.690865 0.89832 0.138845 0.148732
0 0.9668 0.65214 0.0664 0.114948
0 0.879469 0.692016 0.11132 0.11132
0 0.770936 0.731205 0.118345 0.119758
0 0.615618 0.66213 0.115253 0.116665
0 0.432397 0.848468 0.115825 0.113
6 0.412139 0.467342 0.116092 0.118918
6 0.44947 0.209695 0.111588 0.117238
6 0.550406 0.170774 0.109069 0.110481
6 0.667107 0.125972 0.111588 0.117238
7 0.735801 0.014417 0.152628 0.028834
7 0.017529 0.240588 0.035057 0.154345
8 0.181553 0.172345 0.130982 0.138044
8 0.501691 0.055706 0.132662 0.111412
11 0.6329 0.030509 0.131516 0.061018
9 0.399496 0.076856 0.137701 0.153712
10 0.325629 0.235351 0.133501 0.1448
11 0.447262 0.568411 0.123117 0.127355
6 0.775277 0.056238 0.116665 0.112476
6 0.144375 0.423522 0.108229 0.108229
6 0.026558 0.37485 0.053116 0.120597
2 0.676122 0.501028 0.132126 0.130714
0 0.1972 0.919497 0.130714 0.132126
0 0.319074 0.892009 0.122277 0.125102
3 0.392521 0.731212 0.123957 0.129606
1 0.98106 0.759126 0.037881 0.144763
