7 0.967518 0.005282 0.064965 0.010563
11 0.428075 0.294014 0.076566 0.137324
0 0.973318 0.961268 0.053364 0.077464
6 0.190255 0.12676 0.078887 0.112676
0 0.302784 0.65669 0.085847 0.130281
7 0.186775 0.010563 0.109049 0.021127
0 0.196056 0.838028 0.085847 0.12676
6 0.969838 0.12324 0.060325 0.12676
0 0.534802 0.959507 0.076566 0.080986
6 0.863109 0.112676 0.074246 0.119719
0 0.74942 0.820422 0.078887 0.133803
8 0.425754 0.012324 0.095128 0.024648
6 0.309744 0.12324 0.071926 0.119719
6 0.75058 0.119719 0.076566 0.119719
10 0.523202 0.468311 0.085847 0.133803
0 0.422274 0.963029 0.078887 0.073943
6 0.421114 0.125001 0.071926 0.12324
6 0.642691 0.468311 0.074246 0.119719
8 0.194896 0.464789 0.106729 0.12676
3 0.643851 0.955986 0.085847 0.088028
0 0.86543 0.954225 0.088167 0.09155
9 0.646172 0.012324 0.095128 0.024647
