0 0.163581 0.941773 0.084362 0.101266
0 0.268519 0.954431 0.084362 0.091139
0 0.373457 0.956962 0.080247 0.086076
0 0.576132 0.839241 0.082305 0.103798
0 0.68107 0.951899 0.078189 0.096202
0 0.779836 0.96076 0.078189 0.078481
0 0.886832 0.959494 0.082305 0.081013
3 0.579218 0.562026 0.076131 0.121519
11 0.792181 0.182279 0.078189 0.136709
2 0.164609 0.201266 0.098766 0.129114
8 0.579219 0.467088 0.080247 0.10886
8 0.671811 0.184811 0.088477 0.141772
7 0.885803 0.181013 0.100823 0.134177
5 0.377572 0.443038 0.084362 0.111392
9 0.268519 0.186075 0.104938 0.144304
6 0.164609 0.453164 0.078189 0.091139
6 0.273662 0.444304 0.074074 0.088608
6 0.673868 0.463292 0.076131 0.096202
6 0.582304 0.329114 0.074074 0.101266
6 0.782922 0.324051 0.080247 0.101266
6 0.886832 0.306329 0.078189 0.101266
