6 0.91226 0.206731 0.084135 0.091346
0 0.908654 0.786058 0.086538 0.081731
6 0.21875 0.205529 0.072115 0.088942
0 0.668269 0.552885 0.076923 0.081731
0 0.557692 0.448317 0.081731 0.079327
0 0.448317 0.552885 0.074519 0.081731
1 0.08774 0.917067 0.108173 0.103365
0 0.78125 0.557692 0.081731 0.091346
0 0.090144 0.673077 0.088942 0.081731
6 0.447115 0.448317 0.076923 0.084135
6 0.09375 0.195913 0.086538 0.084135
6 0.557692 0.331731 0.081731 0.086538
6 0.788462 0.205529 0.076923 0.088942
6 0.675481 0.441106 0.076923 0.084135
0 0.207933 0.544471 0.079327 0.079327
11 0.314904 0.314904 0.096154 0.091346
5 0.322115 0.794471 0.086538 0.108173
2 0.328125 0.909856 0.084135 0.098558
7 0.090144 0.069712 0.117788 0.125
1 0.673077 0.919471 0.091346 0.103365
3 0.557692 0.796875 0.081731 0.098558
3 0.448317 0.798077 0.084135 0.091346
2 0.449519 0.669471 0.081731 0.088942
9 0.794471 0.070913 0.098558 0.137019
11 0.201923 0.320913 0.105769 0.084135
10 0.445913 0.074519 0.09375 0.125
8 0.44351 0.205529 0.084135 0.098558
7 0.68149 0.069712 0.09375 0.120192
8 0.564904 0.209135 0.091346 0.100962
4 0.795673 0.915865 0.105769 0.115385
