11 0.200612 0.187307 0.155239 0.19072
6 0.021578 0.019361 0.043156 0.038722
6 0.973986 0.014926 0.052027 0.029851
6 0.814911 0.017143 0.141932 0.034287
10 0.026014 0.982857 0.052027 0.034287
8 0.409075 0.037102 0.172979 0.074205
0 0.019361 0.641932 0.038721 0.159673
6 0.185089 0.023796 0.141932 0.047592
3 0.982857 0.819347 0.034287 0.177415
2 0.021579 0.391334 0.043157 0.164108
0 0.817129 0.841523 0.164108 0.168544
0 0.182871 0.98951 0.155239 0.020981
2 0.171782 0.402421 0.168544 0.168544
4 0.832652 0.976204 0.195156 0.047592
0 0.973987 0.982857 0.052027 0.034286
